100
4379
789
2903
4121
3181
7263
7788
2954
8960
1788
8141
4753
9931
4930
8193
5523
72
2712
5636
8682
3866
26
6894
6754
3679
4262
8809
761
5484
9978
7610
4759
7534
2073
721
4902
9320
8644
7661
3732
673
924
9124
6624
6624
3131
1777
5172
2287
5118
1901
610
8201
17
3289
8681
4845
1203
3619
1463
5947
6486
7541
3093
2552
3696
841
4099
1120
4435
8514
2215
330
3627
3998
8678
8932
66
2863
8785
4273
4956
4107
470
9756
6573
5388
3314
8919
8925
8031
46
3364
9423
2616
59
269
1285
8484
8540