2005
2147
5
2802
1894
3
1976
2450
2652
1649
1040
2721
55
2521
87
15
1093
1653
1935
1473
2689
2440
155
11
1
86
64
116
1676
80
46
2066
9
111
2876
2482
1296
1496
2405
2697
2649
2634
233
1939
2657
6
2216
2271
1012
51
1319
1796
1318
1499
123
2204
1930
375
281
68
216
760
255
123
1320
2388
655
216
2878
55
1552
1272
1949
2368
223
2629
1437
321
2267
1895
2519
2946
2489
2847
543
34
1190
1472
6
1114
161
8
0
23
1825
2943
2695
65
1601
1373
1841
216
2572
26
2344
1631
1396
29
304
2781
652
1525
2177
2493
100
2206
2199
2036
1245
735
1564
2723
2352
1565
2397
1763
2644
2193
995
296
421
2982
539
830
549
595
1523
2341
1579
216
2945
1433
2107
2539
474
1592
2515
2381
1284
224
1253
36
1437
2977
428
1041
1372
161
1827
231
2042
2409
93
948
2888
933
2334
1676
858
2698
2629
900
2831
2954
1012
1327
2731
7
1472
4
2280
2198
2973
2047
1955
2716
4
1745
19
237
1589
1170
116
1
2906
1096
1460
67
1255
111
2382
2845
921
2881
55
2193
2472
1920
79
2629
90
2674
2525
1702
1295
365
2947
2621
1011
1157
265
2896
2709
4
2280
1382
7
1585
1602
1045
2760
2913
293
2137
1572
1549
2253
1595
1916
1264
123
155
1941
1200
2154
1435
2752
2871
35
1352
36
1883
1979
1188
14
2019
149
2514
210
1990
2939
1334
2346
717
1841
0
233
2580
2572
1761
1230
1541
1865
1463
1597
545
166
164
947
834
1311
2048
1910
1482
230
50
1018
2674
2747
1097
627
838
2914
2710
673
2257
320
1241
2588
350
526
168
795
1641
2959
217
1268
498
1379
603
1430
894
1481
275
837
1770
1654
2994
115
1643
557
2661
2344
1056
2713
116
327
216
1907
2890
1631
1304
1705
2188
421
2961
2105
2287
1834
2314
16
2762
2640
2341
987
1031
845
1887
970
2171
2820
2317
475
1905
2607
72
1623
2252
16
1657
226
841
216
285
337
1318
157
273
57
1349
923
2091
799
2576
1987
1435
1240
2751
2215
823
764
1009
2468
319
1369
1553
897
2658
2124
725
463
1875
1987
2483
168
2336
6
1341
2189
2145
688
685
954
2278
2974
1384
1012
733
749
2674
1699
2349
1928
784
428
2738
40
2877
1004
2019
55
167
1847
1602
16
1126
2374
165
1004
1692
2463
1120
2634
847
2089
2072
828
1307
1446
615
1761
714
1196
2610
1478
487
255
750
2621
1315
1148
427
1194
2923
909
90
1485
2940
2814
2038
2510
639
2541
965
1479
2377
911
122
335
2982
1760
2786
584
2264
2887
237
16
2713
160
1825
291
2055
1431
1103
28
1691
2711
2633
1070
1639
958
1364
1051
663
160
204
2417
2016
992
167
2598
2045
2811
569
2437
609
1587
36
535
2677
495
1976
154
54
161
1903
2087
216
116
679
2414
103
1165
921
2101
660
465
1112
2887
10
16
738
179
1963
2792
1495
2589
1534
2828
308
2380
1973
216
2697
2503
1572
597
369
2492
2281
498
2092
2648
939
2468
2206
2773
367
1496
1003
358
2824
868
2506
173
370
1725
2764
1317
1716
309
2446
1137
2356
281
1831
2810
1600
2597
2826
16
2173
1340
63
131
2757
2150
2716
1092
2692
1830
772
552
264
896
2787
780
1992
1357
1939
2639
2800
186
501
1323
1376
1790
2857
90
2835
1850
2384
216
465
233
112
1701
339
947
2877
474
2859
988
2733
1316
2983
1583
269
2509
2633
1745
376
780
2786
1984
2001
2078
1705
2615
2566
2038
1851
886
2659
1134
22
221
1581
10
397
168
290
1956
1986
989
2696
1694
1530
116
2897
487
116
1948
1774
1473
1596
1807
1164
2885
807
209
1963
2401
1116
1899
2215
116
2725
1037
2557
167
2459
1193
1982
2709
2645
572
2276
407
944
600
1213
16
920
2646
163
583
259
1940
927
2809
336
1596
1675
2957
500
2210
1040
2180
1682
1668
1550
2987
1962
1586
305
39
1796
2344
216
246
2267
833
743
1887
2794
2744
31
1243
2398
2153
91
2034
921
1837
753
1635
1019
2569
2360
1856
549
1569
1167
2480
2857
216
2576
116
141
2616
1497
2372
216
1968
1664
2159
1998
116
1194
2
2979
2260
757
1261
2677
1086
2454
1503
731
2773
1953
1289
1
2044
1895
16
2247
2740
16
165
2784
15
2658
2207
421
2056
816
2192
16
2337
2433
234
84
938
1677
1755
211
2849
136
1325
1945
1123
163
1997
677
731
1608
2076
2754
452
2901
602
816
2804
2577
2162
216
435
2407
2976
390
946
2120
1319
1197
2397
609
1755
351
474
2355
130
1815
2609
1146
545
31
1879
1440
221
1454
414
1610
1902
69
1720
2544
16
2179
2910
2655
1127
2710
1916
737
2731
664
1369
2486
1378
2219
867
441
283
1837
151
2378
2888
2535
2776
2451
1139
1928
1151
165
1762
2564
1110
71
138
406
2495
1062
16
1925
648
1776
1646
2123
1430
2666
546
1372
168
46
1282
216
897
2308
1091
2662
807
175
1063
1690
684
2010
1545
275
2901
1919
2689
677
180
1587
2476
116
2974
1155
216
2511
835
2714
1182
2699
547
2451
753
2955
908
2074
857
1030
647
1958
2508
1335
468
672
617
216
1058
116
2809
2939
2161
1550
331
2194
1509
335
657
2274
201
1349
1206
572
126
1165
1389
984
2721
1497
2501
1627
1746
112
2463
358
2266
16
1707
2954
2528
328
903
675
362
366
1602
684
132
435
297
330
1569
16
129
2925
2117
152
9
1283
681
125
1783
1364
6
1241
1600
795
739
2926
2217
2696
2548
2674
1143
1851
2694
668
1824
823
449
938
664
116
190
2653
1595
1846
2387
2214
969
1456
54
357
978
2983
1846
673
2735
1169
603
62
2140
947
2852
907
2091
2201
2948
2779
472
347
2038
2518
2464
1931
724
1156
1820
2584
163
408
985
2238
1803
1433
2519
1811
408
2434
643
2254
708
1129
2807
2134
2317
2611
2174
1075
1370
613
1518
1806
1271
2094
355
1835
2824
2880
150
814
711
1671
587
2498
216
124
1341
2104
1739
2054
293
416
116
2215
1771
2548
848
936
1908
499
1406
981
1841
708
1060
2741
1095
141
875
216
421
915
1760
2506
1175
1780
0
1990
167
798
216
116
2194
565
2183
2919
131
1483
1713
2618
939
1885
1313
77
230
41
1218
101
1494
2601
2565
205
1035
1299
1100
226
1191
2941
2570
2578
2817
2677
1015
1048
2318
2531
2909
890
1847
168
1483
1316
863
2126
470
1723
2779
2506
401
1403
2276
664
1660
1999
727
16
1088
2413
140
1075
2986
2046
100
1792
2867
2723
2178
1509
1255
72
994
1215
1074
1378
2943
2256
2103
1868
372
169
2746
976
485
1948
188
2924
1566
2517
2383
1124
2388
2516
1207
992
2927
2854
2276
1931
378
2377
2938
139
610
2440
2849
617
1446
79
2563
1670
417
1032
1064
2231
467
1123
1189
190
16
1596
160
858
2928
67
1684
955
2900
2972
972
1965
1806
8
850
45
916
770
878
49
2801
2713
16
2765
881
2770
1974
1270
216
1768
1498
1120
1193
1090
944
789
1393
2263
393
1717
2290
1283
1165
250
15
1152
855
2550
1329
387
157
1710
430
116
218
2553
516
216
2734
1333
2600
938
1196
2513
648
759
2829
449
1069
914
2088
2937
631
1841
2159
166
165
2377
2528
1345
207
506
669
2691
1747
927
647
2858
360
2473
2146
209
16
414
2009
1033
478
333
1194
326
1357
246
613
2972
1003
701
1265
552
1326
602
2380
16
1530
1339
220
1540
125
471
748
216
2598
162
2617
926
1874
1151
2540
1880
1251
1590
1679
294
1106
1939
245
1550
2776
2071
2670
1104
16
495
733
580
2713
2559
2286
1011
122
1133
384
1781
2913
230
960
2920
2385
23
2397
2617
116
1419
1535
348
1784
376
452
276
2231
1753
1091
116
756
872
15
1919
228
574
964
2650
361
116
2793
2633
947
169
1175
2806
2505
1434
390
16
2807
116
1071
46
958
1015
1926
166
164
2833
1121
1072
241
2675
1453
1215
161
1756
1095
1830
2315
1393
1615
659
2051
1579
164
1459
116
2152
117
467
1616
262
1948
441
2172
2096
2774
2534
1268
1298
2975
2823
125
2384
2644
1563
637
2746
2963
163
2484
689
2006
2064
249
2070
1804
809
2397
8
2061
2858
1112
1825
1508
2389
2380
280
2808
2593
680
1781
778
582
445
727
498
1975
2038
1713
21
131
886
2280
1138
49
250
1735
138
1005
423
116
859
2631
1527
866
774
1883
1611
1698
410
1431
850
1713
2178
2071
260
2859
1209
1558
1036
1608
707
2434
2913
2790
659
2699
2736
972
216
216
2630
2577
1321
397
676
539
1680
144
2359
226
1605
79
2589
1266
1762
164
1716
144
51
657
1481
1964
1105
178
563
1235
672
169
2111
2519
280
1299
2307
413
738
2171
1985
165
1801
1301
2980
757
323
2643
2492
279
1655
1454
1320
121
34
2098
1348
1484
2538
1915
1947
621
116
1644
1797
1009
1211
869
1269
1587
2248
2278
525
413
2600
2076
1448
164
1802
2586
769
212
1445
1601
2030
163
2789
1195
2600
748
116
2704
82
794
2138
1077
16
1995
2815
156
61
2827
1141
783
1305
503
92
1273
1330
16
216
2193
790
1134
988
119
1636
490
862
16
167
1911
216
2208
1889
1890
2684
791
305
1219
2780
2525
46
2459
2927
320
2755
847
2697
1393
163
16
1177
1410
609
1575
2629
2035
2705
2384
65
684
2039
216
2958
2654
2729
1911
1370
1591
1262
1323
244
1118
993
1924
218
1598
1980
2492
1183
347
1069
802
286
2101
2082
2462
2655
188
2968
2480
1681
2689
184
1414
2862
2267
2001
902
1971
967
246
1087
2477
819
2073
513
748
152
2470
2963
513
216
1962
1300
1544
2902
159
1978
2071
2170
984
793
220
1994
54
2618
223
963
2851
2951
423
164
2032
2364
2978
133
669
1659
2080
1791
1515
1205
148
961
983
2403
1245
1617
2805
1681
1588
1965
2998
1147
116
77
1658
2672
643
16
1160
45
1906
815
1147
216
2624
16
680
2945
2917
2125
168
116
2839
116
489
170
2991
1754
34
1447
1698
1704
929
2163
964
587
1677
1121
862
1800
709
782
1916
276
1141
95
626
78
1735
2430
2114
216
1314
1445
640
779
2863
2257
176
1588
216
136
0
254
2705
1839
1096
1743
2576
211
2753
16
669
1456
1065
1255
2079
2355
462
580
430
15
979
625
1251
219
631
108
699
1980
400
460
1497
1125
806
821
2769
277
1637
1070
1860
2960
1092
2258
2058
323
2348
678
1187
114
1050
473
1958
1184
1880
2621
1395
2736
1764
678
310
1483
1538
1872
1195
1960
711
1682
2860
657
506
2264
1788
251
2268
221
1490
1044
236
1281
52
421
362
1408
2559
2867
2856
2119
2166
1516
571
2034
1443
826
474
2205
1916
663
201
2701
2743
945
125
598
1050
793
1850
854
2418
694
1683
606
2686
160
583
749
756
2592
326
1861
1595
1857
848
1344
2790
216
597
1902
1659
1252
2147
731
1472
2937
2985
865
914
811
158
590
64
1754
665
80
1895
1678
430
2656
184
2654
837
1284
1385
2716
1324
1178
2875
216
2293
372
2579
1524
2702
709
2258
2129
73
2476
2283
116
1112
217
1559
476
427
2208
1881
1578
437
1386
154
1724
991
2217
1755
1371
1561
1929
348
309
216
440
2181
1930
2834
1246
1172
2434
2599
2839
1059
116
2873
2513
929
816
2192
1540
2065
388
787
160
2834
1326
2391
143
1254
491
968
1669
1417
1539
2608
2284
16
16
2946
600
154
1580
1084
572
2905
2503
2042
1340
384
1281
2264
2293
2491
1862
2417
229
2807
2058
490
264
1985
2042
1392
2317
2871
2113
983
478
2729
2281
2594
848
2247
389
236
1349
666
2303
1555
2540
2191
233
2098
1458
116
738
2892
1495
237
276
1795
2861
216
1072
304
2758
255
16
1960
1143
803
1751
882
42
2543
970
2551
501
2380
1651
472
2187
551
2726
2687
1910
2537
1155
47
1032
2417
44
1453
1566
866
7
395
2034
315
2695
1948
470
2374
2897
1308
337
1843
1584
1317
863
931
2898
995
1986
410
2846
15
769
1261
841
2292
2290
397
16
1764
207
116
920
1745
766
629
2304
1768
2211
2041
1615
661
1114
2449
359
1274
2495
2526
47
1758
83
1287
392
2003
1270
293
666
273
1962
2926
365
212
331
692
560
1068
2219
116
2921
1952
2639
738
1477
2164
2957
337
851
2730
1144
976
6
2990
809
806
2638
535
166
2379
1607
702
384
1963
417
2009
556
2938
1683
2661
1541
441
2043
433
2719
2301
2005
2215
1677
619
1820
1784
893
1979
1006
16
1415
1785
752
1043
2352
2910
2046
2369
879
2573
245
357
343
116
2459
2482
769
1150
2582
166
1895
1391
2610
2739
92
477
1085
2953
2396
1862
2004
457
163
653
2208
1843
2528
325
2470
568
2661
1566
258
1112
216
1667
2976
152
255
1465
2035
497
216
1998
37
2643
2085
905
2141
36
571
143
2138
951
2357
377
1032
413
1175
2859
2183
1671
1992
2160
2107
505
1468
2762
2610
216
2000
336
2600
1783
880
2160
937
1868
930
1905
2639
2731
2804
2756
939
306
625
646
216
2081
1854
86
1641
329
1553
1449
567
524
2966
1452
883
2738
1578
2837
1073
2396
319
2473
1590
2759
344
2032
1998
486
1177
2745
1033
2134
1898
521
882
772
128
2565
644
767
2418
2262
2654
45
1310
1374
2377
2853
2292
1459
1794
2728
253
1156
981
1770
1189
1256
1270
2971
280
1140
2275
2156
116
2684
1578
2597
552
116
505
1497
2651
2664
1112
2962
2643
1880
225
1599
633
231
2078
2183
2594
1590
221
839
550
1495
836
880
2145
1817
2933
164
2145
361
333
928
2745
2354
151
2291
1971
768
1626
1210
2087
2830
1394
1462
561
287
1304
2247
2084
770
1823
995
2138
975
2200
1466
601
623
191
1596
16
2015
2257
1613
2960
1682
561
1370
1572
2841
383
2743
1119
223
334
331
1186
2776
2927
1925
2072
544
1634
1957
2235
445
654
2635
1241
2796
294
2613
1586
1662
2689
601
1287
2189
1714
672
2769
789
405
2092
2751
516
1733
1875
2901
1903
349
2567
590
2521
693
1074
2071
1608
216
43
2535
2180
2529
2335
1103
2994
1032
1694
2711
81
2130
841
1130
1761
1088
1931
2116
1115
2792
1010
2920
1738
2395
888
1724
484
1728
70
1046
477
234
2484
471
16
1311
1803
152
906
2616
221
2317
2286
878
765
2258
2990
1495
1880
1092
325
16
2796
2090
866
2315
1032
417
870
1081
2638
37
1206
365
1799
1802
2913
1994
1762
2498
166
2343
2290
1826
2808
1909
2450
2760
1161
1369
2498
1947
2379
1570
1500
2549
855
758
1698
1007
2147
2826
2710
609
864
840
1253
88
2759
2762
2056
2109
2076
1693
1341
2035
2837
2679
116
1848
535
166
128
2813
178
2073
45
16
2937
575
2907
1011
2820
461
965
2988
116
2776
959
16
2382
1989
286
1626
880
2527
1071
682
2000
2473
1398
2477
1703
905
2971
2836
946
2271
1187
680
1365
630
2878
511
2957
1982
2829
2203
2959
593
1943
1647
705
2195
600
1291
823
1498
2839
2240
347
1589
2595
756
969
2767
935
1599
163
563
2970
1326
2141
1537
758
1181
2
2784
2623
927
2709
2757
658
947
331
851
2478
1794
352
647
1190
882
710
2244
1
898
2012
2804
1881
416
29
57
1050
2333
2926
1253
2520
167
2907
216
1230
1592
2157
2837
167
2763
1250
629
2568
2568
428
196
1621
153
2246
2784
615
1121
2948
1150
357
1443
357
1279
131
160
357
167
2783
581
116
1980
628
734
1607
2705
351
327
16
1914
673
1636
407
1172
339
2667
1851
966
76
2667
1915
1487
1041
2644
366
2699
1154
2357
557
2464
645
1483
2945
2759
2633
2250
1885
1035
365
2580
756
2876
493
1314
2691
419
1192
2927
2364
772
101
739
15
960
1800
1005
840
934
2678
2431
1784
2772
151
2551
2109
2054
1065
861
1650
1745
1956
289
1763
1764
541
176
1638
1840
2871
2289
1763
17
540
244
2910
1330
2983
1073
435
619
1671
944
780
172
1879
70
543
924
61
2814
362
2204
2250
775
2543
2624
2434
764
802
2711
2992
296
1709
1683
483
735
162
2705
2074
1816
1364
981
629
2887
949
14
1382
1295
980
513
2899
1935
17
191
979
2929
1706
2578
1058
1925
2357
1809
305
116
2240
168
2154
1821
952
2881
1081
2457
16
74
900
9
871
2933
2339
377
1939
705
1391
694
93
2506
2417
2806
140
1116
2394
2644
2807
1127
489
2797
1843
673
2210
16
1830
2484
1037
519
1336
799
165
2855
440
1077
2288
2888
930
216
1321
1733
2720
1789
2558
2032
958
2962
2056
2623
2971
843
949
1765
470
2710
2239
116
2101
1911
2094
1291
672
1454
2363
2791
375
1190
1323
1745
1797
1199
1861
1237
1944
767
845
1282
240
2509
2857
1850
496
366
359
2689
1135
391
319
272
436
558
1937
1373
216
552
2474
2907
187
480
20
2000
228
2811
1790
1165
2858
2063
2639
516
2704
2272
2589
2071
2185
388
938
2662
1692
558
2470
900
116
2204
2194
1768
2154
1958
1269
1334
1336
1297
2380
2445
2006
210
1436
1876
934
2411
1923
2604
1616
1883
2735
1893
2603
1924
2570
2505
394
971
1000
2806
2163
2260
2012
2750
2549
118
485
1751
17
568
431
2819
2883
1524
140
2801
628
961
2074
484
1433
2195
2550
751
2825
772
176
2996
524
2458
1477
788
2450
1448
216
2518
827
1556
85
2762
1981
1721
1759
766
1165
1787
1718
2918
1304
988
1815
397
153
2636
360
1617
2866
273
966
1345
1764
320
2162
2262
2755
516
2765
291
85
769
2475
2285
561
1388
164
2125
216
1138
1729
1090
815
990
276
1118
956
2782
164
16
333
2989
1928
440
16
979
2679
758
2251
790
1416
929
1128
851
768
1150
1409
269
833
1594
504
216
2692
2900
1577
2284
875
2336
1933
2409
836
216
116
588
384
480
2686
2153
826
2049
2505
2216
1911
1772
1921
1391
145
413
2778
1573
2688
180
2016
1553
734
1251
699
173
1510
104
128
1611
2928
1917
637
2674
2146
323
16
1784
2948
2882
1126
2735
1494
274
2998
1680
695
1605
998
29
450
2611
2852
196
1789
793
2723
1933
2159
450
1334
2534
2273
1349
2938
1605
1916
2898
741
2580
2576
2006
2206
863
1979
1755
1105
2848
2939
2579
438
1587
2991
2917
2481
2084
1758
53
2205
1054
2471
2978
1407
2145
1072
216
2509
1598
2806
2106
1746
37
2814
161
2341
2207
466
1235
2535
23
762
393
920
460
1169
1248
435
2750
1151
1051
1541
2667
2095
1292
1850
2417
1765
1177
1744
461
604
2211
2297
601
306
955
603
1827
1782
2855
2903
2030
1605
2124
778
814
1882
1128
626
1306
90
1299
748
736
2082
1816
1571
723
214
1150
3
2125
1326
1350
1696
1416
228
166
2083
1626
2092
2675
2140
577
1051
1987
949
887
921
1179
2092
2870
167
1234
1954
272
417
16
51
2577
947
404
581
1755
2126
305
2138
793
358
2445
991
2510
139
2468
2717
2388
1890
210
2541
1323
2070
401
16
429
120
2014
2179
235
2945
1719
489
816
16
168
2705
1788
2344
1475
311
1730
2343
971
973
1278
1935
366
1275
953
2301
1577
2536
1279
2007
2549
2244
2267
334
349
2963
450
639
820
2890
2611
1613
836
791
1860
2982
2911
1651
2806
16
248
74
2938
1286
2384
1539
2795
131
1813
1646
1693
2737
2982
2941
2890
79
571
2616
637
2626
56
2409
689
1716
2268
16
1291
2004
658
1464
1506
39
1879
1807
1880
668
1823
2897
1763
2962
294
2782
116
2278
314
1804
986
1820
2595
16
228
1087
461
726
2457
1676
505
1920
2568
1004
2113
2404
1578
151
1266
467
1382
2411
1506
2892
206
1638
1319
229
169
2940
392
2364
374
2150
165
424
2874
2158
982
16
476
1264
771
2394
2476
357
1641
2117
166
1896
164
872
1140
1431
495
993
650
1868
1777
1546
1048
2179
475
1268
1520
716
374
1985
1566
2352
572
1771
461
2555
1111
481
1182
83
1212
2334
1891
1415
1355
2167
2042
2508
335
2066
1847
2494
2187
2965
1818
41
1769
273
2275
1088
1456
473
1465
1983
2853
2564
543
669
2656
1313
1109
2160
1526
53
2728
2343
860
1301
2876
116
2468
1230
1073
503
575
1374
2830
897
1188
2713
216
1045
2717
2516
1439
1715
1543
955
2494
115
2089
1825
2009
2829
1401
2094
631
784
168
977
1281
1958
216
2004
1106
2165
795
2379
918
1058
2681
1720
1066
2705
1157
1107
140
1802
276
795
2458
590
2848
2757
453
116
643
1340
692
1656
1766
1824
2474
941
2065
2946
1930
151
2916
2180
469
2315
1496
1313
2939
1552
2562
492
1299
839
2882
46
656
1469
786
1703
906
2978
2565
2927
2933
2509
738
992
1497
2575
1641
440
1674
2536
116
2098
1986
1433
2257
2953
343
900
2394
236
2763
1709
162
1360
2283
117
2276
164
2073
1100
216
1361
116
458
810
439
979
356
2231
1501
555
461
1042
2117
1602
3
418
814
16
1009
2897
16
1395
1256
1296
2799
246
2495
849
577
1007
1716
2452
1788
726
499
148
160
85
1799
2694
1305
545
2798
1348
166
2788
2211
116
614
2579
752
2039
2609
1895
973
161
1604
1713
1796
2801
310
2119
1063
1071
2307
1683
2636
1776
2601
1584
646
2208
1019
87
234
1839
485
270
311
2652
992
1338
1352
35
272
1299
1246
1393
1371
2030
1778
2251
1118
1053
303
2820
42
1330
1119
99
1055
1898
1451
1669
1076
2971
1305
1175
2790
2541
1901
2814
2978
167
2972
216
2111
746
2940
369
1719
1957
1986
1324
1982
437
1858
16
2975
167
295
652
501
2911
1287
2699
1073
40
4
847
2365
886
216
1996
2927
2012
1313
2527
2582
2671
2109
216
1162
2986
1561
495
1464
1614
2924
2280
1231
1310
2315
1833
166
116
2511
849
1541
1604
168
2016
1233
177
245
2940
2610
2014
216
250
660
976
2847
1677
1949
1988
296
2637
2573
235
1861
795
2366
2533
2066
1180
1593
1568
1124
151
82
1263
309
2195