545
1340
781
1018
-287
-923
1289
2
4
10
542
1080
11
34
1681
1412
18
-669
37
1578
177
125
23
1791
-288
966
16
173
1292
1996
-1185
17
1873
537
-713
-871
-586
-1147
1617
12
1259
19
1751
-60
-566
1714
1312
1388
331
22
-161
1741
-1062
1693
-459
56
678
915
-879
-928
-957
1183
1033
345
1668
1009
-856
126
1245
367
646
1924
11
544
38
-572
1697
559
98
125
1340
-567
-1204
19
-1635
-666
1494
1423
-538
1694
1644
1648
-3
-708
1740
79
-532
1033
1532
1979
-918
-104
1895
-1561
26
-690
846
1775
14
1409
1583
1478
1584
-215
-895
475
-1525
354
176
19
511
-452
16
-435
238
383
-1169
41
791
1459
1573
745
52
-934
-989
-1306
-430
-1145
-1575
1085
792
1248
-408
492
-310
863
1113
278
588
-602
920
53
-1456
742
27
-1722
65
-373
-1838
37
1721
941
1150
1215
82
-242
1586
-763
505
1512
28
771
1760
1786
864
381
-262
-810
1178
72
90
1180
1296
45
1087
1841
173
1968
7
27
948
83
649
186
1636
-1930
-592
1424
310
-1074
1612
-1454
-179
1620
-53
-526
1140
-1800
899
-431
53
1853
1285
72
-1819
1109
49
-26
-820
938
361
89
1817
1846
475
182
1024
-1564
522
1741
-944
10
-390
-1472
1652
195
1856
116
-806
-838
-156
1571
16
175
1748
-1151
719
1715
-6
1473
1208
1166
610
207
1476
17
1173
1856
-1314
1310
-1605
13
-808
572
-581
-1126
1086
-1224
1010
-1924
704
1594
566
671
68
1550
-1065
-776
1466
95
-1452
-1271
1329
465
1472
-409
200
-39
-933
821
178
-1560
-390
-890
890
-155
1703
-785
-1488
389
-1338
-1545
-324
-1161
-1265
-1126
-1858
976
-856
1799
1640
-404
215
-392
-1936
1957
-404
-1687
-118
1480
-1107
1602
-648
-1853
-937
-960
-381
-1077
-713
-1003
1089
665
-675
-1142
-1200
1284
351
-1754
29
-473
-1445
-1719
479
1346
-1177
1514
1756
-1443
-277
-1263
-864
-703
-773
-1902
-1379
1038
-902
866
-205
-1472
1515
1373
540
-1409
1495
-62
-1027
1307
293
315
-1036
-887
-405
445
1705
-1383
1930
1627
-1420
28
54
1358
1664
1643
1418
1279
-914
1309
-1564
-207
-85
1733
-1091
-607
445
-631
974
-301
56
-402
1858
1146
-1438
23
1447
-372
-1127
-1886
-1703
1940
-5
742
-804
-1105
-877
1389
809
278
1463
1456
1476
1586
593
-1662
-975
-1738
-1358
937
-1635
579
-1142
201
-1747
-1370
-1786
1505
360
1503
-7
20
1412
54
-1557
-1953
1134
1613
467
-977
-1676
835
-3
1532
-1374
897
-1192
487
1350
-1307
944
-1164
-496
922
-576
356
878
760
-541
1983
1860
303
376
1120
1736
1602
1184
549
-584
-1384
1652
-1460
60
322
980
-933
1311
1862
-1760
-1024
-744
193
-1233
-828
530
1863
1752
1990
970
393
-970
-1568
127
328
-608
-544
-260
-1186
1083
1480
-29
856
176
-579
-1066
-868
334
-1952
-617
233
1633
78
514
1615
736
1611
1694
-1627
1170
-1291
-1242
1193
-1623
-1173
-1597
-1454
-99
368
1480
-944
626
871
444
-1842
-153
1749
-1633
-998
-669
781
-633
-922
762
-828
-628
164
-1765
-274
-180
1063
1940
-1698
79
103
1114
-44
1178
-457
825
-947
1277
-1229
421
-120
235
1367
417
1351
-665
1519
1563
-526
389
834
-1793
-160
-1425
1194
757
1509
-688
-689
-872
1986
997
-747
-259
368
397
268
440
-441
-1233
834
-253
-78
942
1807
585
1907
-1315
1615
1656
-287
1445
840
578
-1570
-214
179
1210
-997
-1203
1936
1791
665
1630
-1959
-1560
-806
163
1132
-1775
102
-1392
1245
-593
1041
1894
-322
1086
398
-1943
1039
-375
1387
1748
-1856
-1728
-237
847
183
-211
-541
1930
10
338
580
-1834
656
-1030
961
-811
-1795
-722
1145
-952
1248
-452
-1666
269
-1682
1886
1867
-1283
-175
-1139
-1996
-1567
-367
-1636
-1099
82
-93
250
-1444
-695
1629
632
-1377
1380
-762
-1456
723
79
-129
-858
1622
1742
302
-1542
590
553
-1964
-850
-1686
99
1050
-1516
755
-1463
1249
-1150
685
-482
1237
30
1887
-491
-1727
-426
582
1803
1302
1688
-880
-1223
192
-190
-671
-242
-121
1041
655
321
723
1433
1024
-1966
872
1265
-428
1327
-194
950
469
-615
1821
1190
861
-1980
1342
476
-1302
1437
319
-1841
-948
-975
1786
-1518
-405
-373
-1475
-1977
-731
-1763
-853
-918
-299
-1978
930
-195
1652
-837
781
1379
308
854
592
155
-130
846
-1299
713
358
982
-979
-799
-1867
262
898
109
-972
-1994
-65
1863
-1973
823
509
-383
846
1865
122
950
-97
871
-1721
-558
1899
146
465
334
203
1126
1389
-1098
-1023
-1812
-963
-1130
-771
-1308
-1138
734
570
-1470
-705
1957
1409
-846
1537
-863
935
99
808
1667
-130
162
-1022
1334
1795
-764
-660
-1751
1684
849
761
-1485
1273
-341
-881
-1211
1410
269
-805
-488
1112
1089
-1513
171
728
1450
-1190
1611
-1524
1119
-294
1673
1338
-883
133
-862
1022
1496
-76
-1707
-598
-1609
-1848
734
-1929
-1977
-1361
1424
1475
-1068
-911
1811
1353
847
-948
-544
-363
-1034
185
1080
-1770
-952
1659
-353
677
-1990
808
1472
-101
-671
-1933
1379
-1282
1650
169
-92
715
366
-1167
1178
-1064
-66
-1016
-665
-1699
-874
-1204
1699
-1114
-1941
-1717
-574
1033
-1249
-1792
-864
-25
1493
-331
1669
-304
749
301
611
906
-1103
100
574
1123
1832
1262
1310
515
362
-1871
-772
702
-701
-991
-1147
855
-1814
1278
-1762
-903
779
1212
1351
-1687
176
-814
1733
-303
-1127
1449
-1944
-1907
-1408
1122
-507
1596
-1293
-1499
1392
-502
-469
713
-221
-448
-1861
-799
1907
1621
-1220
-600
-260
1016
1976
-738
1376
-797
596
22
-1346
-235
373
140
514
-130
716
-1750
33
1877
1000
239
1100
1516
879
-169
-76
-269
-285
-409
-1255
-1657
949
-1790
738
311
-959
869
1478
1653
-1198
-1985
-1614
-105
-1349
-1009
1115
401
-1476
177
-775
-1960
361
1899
-1619
-1548
999
1933
1501
1548
-416
-1783
1799
332
179
-434
-467
1938
826
-1360
-731
-69
-946
1154
235
1774
-1641
-468
-573
-975
-92
-1328
-583
-711
799
-485
-1359
490
-1363
1642
-1197
133
1479
1973
-1767
311
608
-475
-1266
-1549
-580
1966
-1935
1467
1817
-745
-283
308
-1147
-245
-1936
1309
-258
1537
836
-217
646
-1073
402
-978
-879
293
364
-36
1953
-145
-841
-1152
410
-711
-152
-1397
1142
421
1313
-90
-981
-427
-958
-1626
-1283
266
-1101
-608
-839
850
1443
-172
-1946
-1320
-1772
1511
1532
293
-835
1229
-799
-845
-469
-1525
227
820
-68
831
503
320
-8
-797
-1987
713
-1740
-1017
-1975
1320
-560
-1621
821
-338
1068
-1148
79
-887
-1869
-1844
-1021
-861
1686
-1929
-1412
-485
-1305
-837
-592
1535
-413
1540
1528
-1941
1851
121
-92
-1464
-1454
111
1803
573
328
-1829
-1362
1161
823
602
1145
469
141
-766
-609
-427
442
-775
67
1639
-1224
425
1367
-1525
1577
1964
788
-1114
-1522
448
1301
1117
1131
-1029
1515
1390
36
-1419
363
-1165
-37
-553
-497
489
-290
-1634
-1139
1247
321
-1510
-941
-609
-1198
-1693
-301
1857
-1731
1926
891
39
1868
1934
-466
-72
-1850
397
1054
1332
1994
1486
-411
-1297
-257
-1671
-1346
-1418
-1616
-1166
1971
1787
278
-1982
-1767
1751
-59
-39
1972
1758
-563
347
-1136
-1785
-304
1531
20
97
-688
-1704
1882
479
956
-1127
-771
161
-1521
-877
1572
-36
254
1950
1044
-1110
1835
1751
1990
-944
-1789
1881
1215
-995
-913
57
78
-3
-958
-227
741
612
-912
740
48
1801
-212
1922
-477
42
-1537
345
-1832
-1405
650
1307
1619
1857
-1867
204
-1382
-1850
-1271
-1209
1048
-50
-854
-1106
223
-1852
-519
496
-1190
-1261
-1896
-323
1328
1933
1228
1678
866
696
-663
888
-475
-772
-321
-1275
757
1878
50
730
-1989
355
251
189
-1567
1968
889
-640
1607
317
-1308
1995
-1720
809
-929
1465
746
1582
-1323
-346
1839
429
-116
1928
-1115
-561
-1685
-517
-305
892
857
632
-1875
-195
-1684
1476
-474
-1088
-1329
-195
-260
-1619
-48
-34
-412
1581
893
947
295
-312
1060
147
1189
1078
1645
-967
-961
149
1280
218
-1686
-1651
957
-625
1909
-589
-782
294
-154
-600
848
-1280
-1765
-1759
1658
1590
-1440
1173
970
-1231
898
-1511
1932
300
1914
-1219
-1441
-839
-169
1234
-810
1376
-584
-69
-431
-300
568
319
-121
518
1828
-1737
-761
-724
-368
1889
-904
1236
-770
-1667
1029
-1609
311
-1891
1423
-1395
-1496
-100
37
272
-646
-1358
934
-161
1483
1818
-1252
1528
-363
-1868
1986
653
-1045
604
-446
-1999
-173
-1414
-820
-1494
469
908
1055
-860
-76
-808
-1358
1195
525
-1080
49
1546
1414
978
206
-1546
1978
-1334
-1252
-12
518
1499
1021
-1400
1454
-1058
-986
389
1286
-1002
1792
408
-359
-1116
882
131
1227
91
1835
-1759
-1724
392
-747
1550
-1749
1935
-1576
470
-1872
-1416
1895
903
1754
169
232
1097
665
1021
-1522
1834
-1157
-1437
-73
1378
41
-77
1715
1681
85
1354
390
1138
-1312
-843
44
568
1964
-291
875
1890
1970
748
-30
1635
1668
-223
1673
-1751
842
589
-394
536
651
-1966
-445
-1980
887
-800
96
38
-419
-1485
668
407
-585
-176
966
1399
-519
1928
-1405
1864
-584
41
-538
-1867
1640
1181
-811
173
-887
-838
1397
1202
-162
404
1732
-338
-904
-1513
1339
-1108
-433
-520
-1465
559
511
-816
-81
-1711
-1946
380
17
88
610
1123
144
-350
416
1822
-1809
247
495
-1055
880
791
1117
556
1405
1087
-862
-905
-1334
-1447
-775
-1921
-1699
943
-65
34
772
1814
-1543
-1515
-1336
-1037
1667
1708
1826
1113
-1908
-1521
-1548
-263
1457
-433
-318
-701
326
-1141
-1847
-371
-959
83
497
1794
-1602
-4
-1803
1803
693
1559
-719
-1355
931
382
632
-53
-1845
1628
1580
951
-448
394
164
1016
-1266
409
-1976
-349
-1393
-605
-1743
1776
-789
-440
-216
-435
1707
1264
-991
-188
-1730
1655
1656
142
-530
-1868
-366
-979
-933
622
-897
697
-556
-973
335
760
-975
-183
-1001
1036
1936
1133
-1412
1106
-1702
875
1053
807
732
-1096
611
501
1198
330
-1179
-1913
1918
1783
357
-883
451
1966
-898
1433
1385
-1
1750
-1311
231
1794
-599
799
-905
-1123
683
-1418
-1163
-906
355
879
1238
-253
502
-356
-1071
-1849
953
1980
993
562
-1957
1092
-1795
-1300
-688
-767
-1844
1147
1110
1536
-1844
819
1165
413
-1046
-190
-1259
-1543
460
-181
1079
-172
1453
-1973
-940
-463
-1585
-1455
408
-975
1058
-316
532
-897
266
1556
1176
-1917
378
-1760
-120
1039
1553
1372
817
-1419
-1211
-1197
1223
-1816
91
1379
-5
1640
988
-1777
1967
661
1243
-724
896
-1776
1248
1499
-1870
-24
1393
-415
1073
280
142
-107
1899
-1838
860
-658
525
256
-1089
-820
-1346
-1506
-325
-1783
1224
1551
390
-1858
846
-186
-615
229
643
-800
-537
1524
1549
-849
288
-481
123
679
100
1830
-955
1724
-1515
739
-55
443
-836
-542
-266
-77
587
-730
1701
449
-388
-1787
327
-26
-964
-1393
186
-1663
485
1613
-1580
1640
-926
-1588
18
-1826
-1587
562
-1592
-1153
-436
1264
1470
-597
820
497
1430
1852
-1628
-1321
-463
-923
1367
310
-524
210
-1513
-983
108
36
-487
-847
-1707
1923
1545
1574
1295
1989
822
689
1747
-1617
784
-1877
-99
-1719
-223
-1303
-507
873
-871
-1501
640
-580
943
-563
1582
-153
209
999
-1871
1598
722
-447
1511
-834
-914
1600
-1412
1286
-1943
-848
1079
1889
1798
100
-432
33
258
-1751
-633
1472
73
-795
-928
598
1096
1479
-1284
1710
36
575
-1922
-46
-931
-98
1148
-1164
1292
635
-796
-49
1440
-1287
-544
-838
-184
1504
-127
-1234
-1500
-1707
-1363
-363
-1444
-12
-1701
1822
-433
-876
1779
1889
-1982
-278
487
-749
-1202
749
1199
372
-1363
1596
-875
-1184
688
-207
-507
1663
-1925
1131
1155
-1828
-1354
-1109
1875
-163
-1280
556
-450
772
1949
548
-1160
-618
-1968
1576
1222
-147
32
700
-1216
670
603
-148
450
1190
-469
1796
1234
1991
1563
162
-1697
-1153
36
-238
-1530
-553
-1839
-1942
1637
498
-361
-959
954
1737
-1887
-1742
1944
713
-659
1698
-1935
-1979
-1564
-809
-1405
1104
-26
-289
156
524
-1620
-1685
839
139
360
866
430
-699
-325
1913
156
654
1120
-360
-1588
-1303
1892
137
1798
1494
-1001
831
-114
676
234
-1278
1094
-882
-1094
1551
1739
-243
-1902
-311
31
1596
-482
-203
-494
-1364
166
-918
-856
-1685
559
-8
22
-817
-1759
1237
-279
1182
-416
-112
1359
412
-1240
462
-217
885
-948
1760
-1569
1410
-1058
326
-871
-1989
-113
-1817
1186
670
54
-1053
-1709
-785
-1616
-350
-735
-1003
-1291
909
1109
1050
-1052
-1103
-1579
-1312
-1612
1649
307
379
1952
-398
700
-43
-1408
-97
-171
1715
942
199
-55
545
1904
1280
956
-1028
-616
-962
-1959
-1915
-1930
-1783
838
1833
209
-176
-1800
-639
1506
-1927
732
-726
561
1903
-966
203
-16
1686
1746
1578
1595
319
-1008
1227
1422
-1346
-1099
487
1470
-314
-1744
-306
166
-593
1833
676
-1249
1800
-1043
-350
527
-1673
640
-1732
1362
-811
-1753
-11
-1530
-623
-315
-239
1852
-449
-339
-232
954
346
245
-1758
1622
-262
971
-534
1786
822
304
-453
982
1633
984
-1595
-1478
-1650
-911
1763
18
-655
-700
-370
-1750
963
1787
1183
1431
292
-476
1664
1569
30
1408
1839
938
-1847
866
-1399
-1291
-1017
-215
-1337
216
1119
1757
1187
1640
-1700
-149
768
-386
1619
1357
-1694
-392
560
676
1327
-296
-70
-708
-1216
1359
-260
531
-699
1697
-1450
-1387
70
-679
1206
670
778
1262
376
869
1584
1889
1905
659
366
-825
-743
-1816
1798
1711
1872
-1198
478
1434
-486
35
878
-163
-1784
671
615
-1298
1250
605
1862
178
-1131
-1227
1610
1119
1757
1349
-1058
-1710
605
1650
-1263
1920
720
1586
1086
426
-964
233
-799
-741
1791
1020
-930
-468
1277
1051
-1610
1414
-663
-1970
-25
-1894
1441
1930
-1712
1909
60
-380
-1660
1651
722
951
1488
-16
1219
1823
-1830
-833
1426
1655
-671
153
-72
-780
988
-181
-916
1992
-1524
-1253
-941
1484
578
-150
-81
784
-1519
-988
46
-1041
-1725
610
-911
491
-1636
4
1492
157
1902
1088
938
-1055
171
-771
1592
490
1225
-906
-805
1540
353
-690
-1252
1906
1366
1557
-799
1557
276
239
1796
548
-1280
-1323
-1489
1214
1145
-1562
-673
-1439
-1439
333
-332
555
-385
-486
393
-409
-1215
856
1648
1810
481
-431
-426
-1745
-1072
16
-911
-1868
709
-83
-883
-1284
-114
-855
-613
867
1055
-48
1376
1624
-1645
-587
-1208
-261
748
-1320
-967
-779
159
354
898
-1176
-684
1897
-728
-1788
-1241
353
1782
-1772
101
-1388
1311
-1408
-409
1274
39
765
-1456
169
760
184
397
-847
492
603
-126
87
-1448
-362
-1522
439
-1765
-1666
753
-1710
-55
120
-1
1056
1611
-1465
-243
591
1798
-1
1699
-781
-1648
-707
63
1876
1148
1190
-319
-1066
452
1520
1610
-1996
-1117
1586
442
806
1600
-1284
1434
-1041
1569
1688
817
1854
984
-1471
1628
-80
-719
1638
1344
1017
11
-787
-689
355
564
-358
-414
-696
1844
-1491
-484
1186
61
-194
-1344
-1664
1546
-556
-357
-324
-1003
-1660
-1964
1353
534
154
-1301
-330
-1076
782
-240
-1108
525
361
1043
1568
-888
1917
-55
188
-9
-913
165
-970
165
-282
1261
202
-304
-981
-274
12
-1968
577
578
1953
1885
-1755
-1782
-493
-1176
-755
1229
1713
-966
1334
-1567
-1525
943
-1861
-223
1357
-1338
-65
1154
-1934
1000
-179
1185
-496
-962
-396
435
1867
-1746
-411
553
1391
-768
-495
979
-1622
-1611
1724
-409
-525
-1720
-1810
-987
-1477
588
-347
1488
-1143
228
-340
41
-321
949
253
-1575
-913
1747
942
1215
-1493
-1007
-644
-1314
295
-1191
-1693
1780
-1639
-1467
1287
-459
1079
1154
-1646
1618
-1924
-869
1204
-160
-126
-660
828
1088
-1720
-1197
1278
929
1575
201
-1649
82
-886
848
-1188
-1408
702
-1720
-576
319
1054
1109
-1550
-1458
-190
-1105
-494
91
1684
-1788
223
-809
1848
1353
-773
654
-629
-5
703
-922
1825
-592
-1162
-692
-1581
748
-1905
440
-1284
-1498
-1694
-1030
498
1662
1763
890
-484
556
-1983
-1515
-2
-390
636
920
1229
-827
-1138
90
74
-1966
-1248
37
1401
1701
35
632
1027
19
1194
188
28
38
-1168
331
48
1852
1826
151
1496
18
1107
9
-1182
1854
1555
1188
29
416
83
537
77
1654
27
746
1625
926
37
17
1048
64
1896
1011
1667
22
-5
-8
749
556
15
463
-868
24
-797
1687
-897
1247
-119
78
554
341
27
1182
1454
640
-1099
1955
1587
827
-1184
63
42
973
639
1815
829
55
69
37
-260
796
3
-1486
1
-1841
1
-270
41
-481
1
38
261
-363
269
1602
-341
629
326
125
104
1145
65
77
899
-36
1379
551
-3
776
1774
1113
-1253
270
12
1260
1054
692
566
14
-1889
649
-1365
11
-1927
1020
-1377
5
1412
1861
-1869
1688
346
2
300
-929
38
933
1258
1701
1361
-1165
1847
460
1329
97
612
77
1694
1866
404
1947