177
5740
4907
7371
8658
1897
1598
7035
6692
8500
3717
419
1323
5941
7918
5043
3342
3728
74
57
508
29
92
786
9397
5117
1926
1341
982
5829
3054
4283
6626
7814
4339
5409
9450
3131
6825
1607
2848
5622
8942
9674
8352
4627
4414
1900
8501
5442
9191
6099
9554
8998
6589
4255
5791
447
135
2480
8976
3911
4111
9466
7402
317
1700
3721
6103
5565
1090
3323
9242
5479
3468
1896
9012
4480
3256
7709
6315
4383
6880
5817
1078
5925
5782
1249
4029
4545
9469
1578
7357
9478
4595
1906
8338
5328
5301
3428
5287
1972
4759
4824
9553
6793
3920
9173
2032
9315
3771
5468
1300
8344
6277
4844
15
861
19
6893
2733
1072
5813
135
5304
3377
9068
6164
3358
3339
55
494
20
6330
9364
4676
647
4819
9193
9623
8268
4949
5418
450
31
8414
3142
7518
5011
4354
7155
3588
401
92
474
9259
7743
2906
5874
5326
4384
3666
1040
8164
94
447
4959
3492
462
6145
3012
2782
8759
258
7009
4248
482
3007
3468
589
4009
3404
9014
1664
3520
563
83
7080
1773
2977
3025
30
33
9546
8429
5178
5128
4135
6096
2292
8976
2123
2314
2978
44
558
3612
4972
14
8356
6553
2197
1798
3756
9529
12
6348
1461
7749
9143
1489
7561
1862
8244
6635
6233
8391
540
4271
4353
8442
1259
7997
3619
333
7368
9871
8959
8529
8008
8043
7569
6598
2916
9948
7958
1344
1852
9301
7125
6729
5301
9787
562
3252
4752
2
4376
7267
2775
3324
2835
1628
6969
8115
3293
5
9469
8412
8101
4965
14
7
95
464
4478
8302
5532
8743
4687
8023
175
9628
6528
8910
5674
2297
4506
7157
557
22
905
6587
3208
5095
2660
16
7757
3701
9601
4858
3598
6884
3607
3933
6625
3687
7876
3887
26
9024
5713
144
3483
3885
490
2092
4137
5608
6506
2523
1112
632
6594
3079
2737
3912
108
4312
1029
1417
8813
3302
2203
30
175
1512
80
3087
3319
9232
858
9392
3395
5839
6124
52
953
5602
200
1145
3119
9585
4358
9479
5630
6233
9102
8024
1475
4104
3562
852
78
76
492
7425
72
2263
7650
5009
1496
2915
1517
8298
9633
1331
6389
1627
3735
4207
8728
1733
5909
1548
6945
5647
8742
3856
5425
6487
1933
1442
6645
6784
678
6711
1254
6179
7742
2185
968
8932
4932
71
79
29
122
8034
3048
1008
265
3616
522
5337
7441
3690
2457
9271
4907
417
9333
5440
9889
6842
6028
8018
2767
1191
296
8960
616
5064
6520
2935
7903
489
337
9336
2936
460
2900
2463
7048
9232
3527
3395
8817
798
2717
5118
7684
4467
1129
4238
4861
755
9637
40
591
6412
2615
3660
1765
344
321
1755
8381
3216
9603
3739
9907
9834
2198
9263
7893
9124
4353
3531
7963
7877
9403
2491
3752
1327
5606
3204
7906
9900
7206
1935
174
766
2095
9374
6665
7436
3940
2162
6651
3495
5416
3420
2240
5697
1630
9156
8767
5002
2464
7943
8502
7418
7850
3486
6138
3586
3907
9177
2090
2416
1179
4090
2544
6460
3166
2844
3045
9116
8807
1200
7408
4599
7011
944
3803
1763
35
9710
7614
5491
6750
5974
1455
8337
596
1182
335
4555
6449
1623
6058
2711
6219
430
1278
2742
171
8274
6389
8064
8327
8433
1146
6116
6159
4115
3829
1804
3666
8791
3676
1828
5306
780
6846
9593
3863
7081
6649
9157
9815
4824
515
7209
766
434
3789
2387
518
2770
7032
3162
4988
1793
971
8539
4760
8905
8932
4645
168
2998
9211
24
8238
231
9688
2580
7207
7681
7703
2528
9222
5594
4604
3504
2384
6994
4462
1513
7412
8500
5311
756
8057
4848
6189
8616
9099
219
4081
2591
3659
1291
8344
2821
2429
5838
7064
4991
8667
7663
4281
5471
1873
524
8258
3150
3106
5412
7713
3981
8419
6604
3578
2014
5007
4453
4439
9330
3671
6589
7397
5724
812
8376
7030
3655
2062
9708
2252
436
1209
3926
7679
2970
6878
2184
7231
6717
7672
4888
3838
2830
8634
4436
6902
5156
1532
1379
2867
7856
7013
3402
1811
3821
5180
8142
130
2644
1573
8999
7916
1974
271
600
4010
4398
1363
6552
1768
3209
3589
3251
2061
715
7427
7026
941
124
8898
8276
5574
4288
8073
1479
1604
1853
5767
5588
4228
4363
6049
9326
2620
5306
1942
4034
1898
3398
7637
379
5466
3289
233
3548
6794
2638
1544
1604
3122
5587
887
2778
192
8311
1106
8860
4613
2392
8788
4180
9727
2884
4597
2381
2868
5725
889
7237
59
324
7676
7907
4230
3253
335
9861
5118
783
5450
8110
4670
6902
3606
971
7178
1041
6460
5221
181
3215
6284
7814
6061
6492
7891
6728
4711
8821
5942
6636
7602
4043
6296
7637
5446
154
182
6328
6458
6557
4167
1270
570
6192
6366
4278
9456
2576
684
1732
8468
2117
3291
2946
232
57
2950
3572
5554
6087
2241
1554
5073
808
6321
8528
4704
2131
2833
6307
2468
9515
8837
3416
5606
2640
3088
4333
3945
6991
9178
3411
6414
5172
9250
8316
8008
6738
6872
166
1896
3872
6241
3345
2175
9901
8916
7631
9907
5517
2518
6430
1256
7910
2469
3218
9450
9930
9666
932
5846
5587
7741
9492
4923
3977
9186
5020
6434
3380
1926
7011
7459
9684
9860
6866
7872
1630
7762
366
1986
2287
1464
8472
3741
1779
9066
602
3754
8606
6937
362
312
623
2331
1581
4848
9149
6372
3146
651
2083
1913
767
1949
5237
3437
8876
4300
4524
4854
3377
9427
4407
8566
7460
8667
7800
9369
3931
2177
8483
761
370
5120
7053
675
9082
8890
2015
4919
3974
9535
3905
5979
2708
9349
8970
9325
8034
2700
4382
7957
6904
4321
8909
2862
1900
4719
2941
199
9361
2140
5258
659
6612
1661
9712
6061
7993
8994
7634
8694
2950
4842
2220
781
648
3601
5758
968
1825
1865
330
3448
1812
9130
1418
9501
5461
2875
9413
3560
5555
9702
9869
9472
4306
4419
5297
781
8961
2454
4184
9245
4187
1584
4779
179
3543
5235
4181
2982
8405
6567
1360
6783
3486
3048
5410
3882
1164
1119
1348
1765
2738
8852
9497
4574
4324
933
4310
2797
1336
9917
3327
2264
1378
4331
6163
6255
9624
9113
3317
543
169
312
1761
6018
3819
7409
3234
626
9204
3957
8397
5292
5560
2711
4982
8749
8296
7641
8296
7595
971
8461
3045
1508
9612
4790
2321
3941
7787
6827
4926
6722
6404
678
641
6584
8427
4545
2426
2151
5462
3873
152
7762
4431
737
8008
4834
7727
564
7937
5258
7592
70
6458
2615
3291
200
1357
4675
483
3940
7412
7739
5059
1818
129
2267
7316
501
3107
7956
9366
8513
6646
4782
145
6087
9918
2916
7193
9459
6863
6038
4207
4663
6187
1500
8320
8740
4402
3602
6449
2502
837
2680
1907
7396
8960
4058
234
8096
667
7708
6492
8366
1793
4195
8357
8599
3647
3940
4214
274
6375
7151
2965
8822
5749
7428
6931
5656
7784
8175
2115
6499
2461
609
7836
4000
5555
9322
7844
8333
4965
2510
6830
3784
9497
2954
398
4577
2444
9477
5286
6171
2482
3634
966
2521
8440
1760
7478
4348
9842
3417
2622
8050
8329
6467
5710
6716
9058
7315
5410
9677
480
9611
4932
5496
3265
4043
2563
2262
511
9119
5207
616
6354
497
5448
3217
1113
1421
6499
6223
2053
7188
6897
3732
2015
5252
28
3671
2139
771
3894
1936
5920
7098
1750
616
3955
1305
7100
5468
8691
3788
130
7510
8963
8958
8425
3770
8759
2065
467
5871
6127
4332
2815
5756
9874
3492
8606
9200
7074
7805
2465
2867
6224
2523
1934
8342
5064
694
7725
3283
3979
542
4774
1526
9692
6303
6682
4240
3695
8247
9717
6135
3805
4032
536
9207
458
7806
3624
9666
7140
9369
744
4310
7315
4871
1573
949
5463
8599
2207
3039
9778
8288
8252
3520
4347
3667
6877
4448
9885
463
7029
2212
798
1064
3848
8465
1291
3360
4174
1434
4038
2757
834
9512
6723
4525
1702
2343
2468
2685
7480
7269
2567
3736
3489
5447
449
2398
8699
1864
2383
2507
5299
1588
2895
6048
9510
2187
3776
9145
4273
7936
8169
495
470
491
3531
8865
5633
4529
2630
3417
8101
6363
5099
2822
5053
1123
6844
4398
2945
2756
6799
7127
9172
2513
4627
8525
4964
786
5206
6696
9264
4109
5153
3875
2297
2489
66
6063
7212
2800
8935
9792
3768
4413
5691
4844
9741
1060
9116
5115
9142
7678
8312
1047
1482
6964
8812
7058
2965
6196
1123
9487
260
254
317
5112
4826
9284
955
9439
9303
8086
8248
7356
9665
3825
6900
639
2783
7213
671
2791
5460
6057
7010
2232
7143
3906
1391
4479
9632
3582
3542
5473
9318
7285
8094
5706
7609
6990
5325
6290
7771
4814
7219
7944
1274
4915
6376
4562
501
7720
2379
1727
5787
9153
9154
9611
3167
5049
2190
6829
3563
5555
5551
5069
3134
9583
4803
4975
2730
4401
9168
7436
8552
1274
2201
3361
6537
5440
3594
9380
9836
4680
5233
3451
9837
3669
9825
8509
5654
4517
3649
5055
3684
5440
5535
4312
5984
512
3000
6400
9313
2481
4858
9148
3951
9382
9449
5867
8668
7020
5022
6515
175
9766
1514
7576
1797
7662
1865
2746
1451
6165
9557
5873
6038
6254
2109
588
457
1181
3072
9004
1870
6525
513
5062
7835
8928
8853
4451
2222
6019
5058
2827
7890
4950
199
9414
6794
3491
2734
1769
2627
7141
9923
141
9095
5709
5030
3340
7292
2108
721
7402
9588
7883
5600
5864
6630
5242
6934
2630
1968
6341
3621
6977
9799
7342
5716
6219
5080
3572
2033
1515
9409
7856
316
1996
807
7479
1281
8126
2965
7199
6203
9339
8690
4092
6729
4078
3974
8529
743
5788
5644
866
5038
5526
7641
6449
9346
4764
8242
5322
2944
8193
8458
1290
4798
9675
9594
1543
101
4340
1699
7927
2966
6095
9527
6395
4574
6436
6698
3842
1880
2502
566
7251
6837
5330
791
4917
9542
1855
2049
5016
8083
8707
4835
6444
5737
8774
3701
1561
3856
1399
9313
1537
1749
8194
4211
4178
2546
9310
5095
7015
1536
7231
6379
5283
2170
4166
8066
6279
6766
5549
1657
6602
1941
3758
6524
1363
8847
1932
9889
9678
8463
5561
4518
1932
4650
4054
5824
8863
7086
2110
9210
7430
6749
1555
3432
4928
5692
1079
8979
3068
6323
2694
73
4709
4176
8680
7864
9583
6733
4482
1909
6157
6260
3856
2683
409
4796
9845
1004
4487
3770
8372
1017
3635
3643
8698
104
9177
5481
9942
99
9834
6478
3067
3635
5681
6021
8432
1068
7467
7275
6785
3985
7754
8899
7178
3950
1343
2562
5572
332
4908
8712
92
1106
80
9497
9812
1546
5520
6203
69
405
7440
2883
2713
8532
3175
3835
1661
5343
9214
8793
5021
5140
6630
9319
8201
5356
6979
8650
90
2879
3879
8594
2137
8733
7196
2427
2159
7927
2141
967
220
458
1400
2765
3933
874
7553
8563
1332
8460
2074
9495
4793
9123
6844
4701
2454
2781
2042
4138
1299
5893
776
6007
2606
8193
2985
3175
3034
7026
9870
2320
1362
4511
5910
4925
6560
8311
5141
7327
9829
2822
7676
8437
9734
7142
1617
6621
420
3232
3431
3035
8349
6646
9084
6060
1086
8697
2489
2789
5494
8087
412
2780
2605
4560
4179
5009
9236
5090
3962
2062
1245
5869
3371
6041
8859
3161
1968
3691
2999
8853
4365
4637
9855
8747
103
4362
8311
8759
2089
8539
3589
6069
8869
9502
9850
5097
1935
4099
7576
200
4531
150
1576
6186
3118
5544
5193
3966
7452
9595
6799
3487
7018
7386
3774
882
48
1986
1080
9037
8833
7893
8242
6224
6168
8994
7653
1594
3462
7029
701
7486
5346
6194
8789
3198
2915
2962
1502
5089
349
802
3687
809
9852
4260
9730
268
922
1377
973
8157
5157
953
1888
1821
6421
2538
7881
2873
3378
4513
3304
3368
5555
9021
5720
1301
8226
1798
7446
6230
8837
5018
6121
5016
880
5901
304
9226
9592
1092
4572
1278
9724
3305
4719
5285
9758
9491
9370
8228
9201
5232
134
7039
1956
7711
6300
8895
5230
7455
3768
2705
6714
3123
2250
1217
3169
2221
7997
2198
4312
7650
1482
4042
3884
7169
7008
3630
6994
3202
2084
6494
3090
8628
6333
9916
3252
1671
2642
2501
7699
4967
6153
2073
52
5677
687
5867
716
9382
7948
2184
8980
5279
7027
947
3879
1436
7893
375
2325
1577
251
8996
8956
7707
742
2707
9381
9238
8515
6064
4575
93
1109
1691
3765
3389
9580
1697
4490
9485
9449
948
264
6902
7064
4903
1557
9208
1900
1410
7526
6187
7970
6183
4615
9459
9227
3981
5585
1563
6774
1720
9807
6719
6239
4155
977
8105
8467
211
1766
1038
2250
9201
772
456
8487
6964
3790
438
944
2986
1957
6299
996
9038
2861
3544
9525
9577
520
2006
6128
5859
5868
7428
7425
5919
9090
1643
8390
3459
338
4828
4629
3364
1621
2157
2032
3765
1251
2034
7645
5739
5737
815
1893
477
8545
8442
5249
2287
3796
6240
7479
3677
2215
6753
1048
2854
8721
7667
8126
5532
5943
5080
292
909
7038
426
2626
2807
4264
1924
1991
7199
5172
6981
1159
636
9798
453
744
5520
1128
1986
9093
9561
3930
9397
5962
8541
1658
1662
3261
2438
8555
7550
2288
2482
703
475
639
1686
1474
6649
3095
2024
3694
1574
8727
8662
2121
7469
5434
6000
5179
7540
5105
5326
5925
3786
699
9339
1464
4896
6704
4227
7817
6019
1442
8135
7223
8983
7989
2125
4523
2469
4230
7809
2184
6327
6000
9758
928
3138
5452
4780
9485
3398
9198
4974
1870
3118
5847
4183
1087
9250
4768
9708
1318
5108
5960
7024
7531
1467
8706
4654
2257
2738
45
247
8832
5331
4532
3177
6421
6982
8396
2163
5677
2654
5815
5379
2682
2065
716
6863
2332
7756
217
8445
9164
1654
9912
5570
145
80
1175
3589
1602
8450
7420
5649
5813
9508
9002
6758
2343
62
8132
8710
7126
6557
327
7129
9009
5116
9883
3506
3381
2412
2922
3770
5520
4008
235
8621
3272
7515
9662
7448
2783
6782
4801
7364
6016
30
7119
1552
949
8557
6302
3086
3019
8921
4004
8295
7536
5637
6052
6968
4664
4967
7285
1851
4602
9443
2702
7775
7871
9273
9587
4119
4656
8238
7313
6567
4668
8637
807
7271
5590
1445
4815
1515
121
5249
4281
4966
9554
1200
5611
9824
1135
4717
4066
8449
4050
5259
1689
8844
4498
4115
59
276
3148
446
7579
1850
6995
5547
4661
8441
310
8504
5017
4806
3264
8666
4115
2734
5331
6718
1066
463
2941
360
9919
3046
8756
1180
6804
3969
5669
5390
3125
7128
6664
4604
6181
3586
4804
8297
5089
1844
8753
3701
3119
3971
8943
4111
6975
4029
8475
1303
4619
9226
679
8635
52
842
9092
8823
2823
2815
4453
9601
6226
6907
3879
332
1604
7029
6500
5961
2514
96
704
605
3752
8232
6821
3048
6502
406
4510
6245
3470
5748
9262
205
3965
984
3165
1388
6908
9356
1542
7449
7437
1326
5612
9854
3695
8891
9919
5907
2519
4488
9914
4304
1232
6864
5070
9483
1548
14
818
7080
3102
6560
8860
6708
7089
3083
8818
7831
743
99
7308
3814
6204
5037
3515
6437
3185
6199
7272
7577
6073
6039
1690
1254
4027
7567
6284
1280
640
6842
1498
7841
8889
2011
2875
7192
4707
1982
1761
3080
54
9422
8124
6738
4131
5070
4847
5926
7392
588
9007
9703
9838
8140
5465
475
9726
7092
8894
6660
4284
1984
6068
1687
2755
4819
1412
9081
2889
7717
679
6028
3578
494
5898
2813
7834
8658
6542
314
1144
20
8503
2983
8635
3901
7760
7370
9932
27
4376
7673
5384
4063
5208
9652
4599
7715
9208
8759
2767
923
8350
7933
8862
9737
171
4915
6225
1969
8939
2366
9885
5497
551
91
7394
3463
3037
9714
6783
2623
240
3921
3087
5625
151
3159
6085
4656
6055
7416
4267
2583
8489
4635
3575
7304
8588
569
3703
9530
4864
8568
8302
2265
4561
547
6373
9696
9194
3158
162
82
5347
7463
6973
776
2508
1047
4302
2062
78
3700
3014
2796
4670
6335
4091
5174
1897
7473
1826
3867
8678
3906
4641
7180
5025
91
4502
1701
5269
6850
1853
1178
7968
3670
6713
822
5939
6501
8936
87
1130
2554
4613
4854
8868
6181
1888
9327
6913
1293
3237
3693
7267
38
71
6979
1795
2653
3306
3268
5039
7032
7193
31
889
7610
6492
2368
9853
1458
5232
3524
8707
4498
6953
5214
5789
5528
7845
3589
2696
7402
453
2730
4550
818
7335
62
1131
3605
5517
135
8993
770
6766
3114
2313
6048
418
1836
2358
6447
1444
4884
1503
6327
9223
6335
63
2885
3013
6169
8492
7821
1568
5677
6798
4991
5365
6560
1515
5353
1339
644
2334
2416
6272
3030
7665
8069
6782
6656
7255
7193
7840
6260
812
4051
8662
4302
6794
1595
6307
3271
9719
3639
1802
1696
9797
2113
7758
8884
8709
3155
3417
9824
7443
2051
6685
9578
1500
8158
7925
5074
4461
4902
2957
6298
6327
1253
7167
4899
1861
5225
1450
2579
5585
4313
8104
6796
2615
2226
5879
2193
933
3327
9212
9820
5294
4145
6409
7830
4534
1383
8527
9679
5718
7020
8750
5568
3413
866
9310
8175
8532
6536
4707
2860
7504
7359
3829
8106
3009
1379
3295
5555
9501
95
2064
5758
3111
1738
8740
9800
6956
4843
9026
5906
9801
5391
6417
1946
9271
8230
1272
7381
5019
762
2809
2425
6681
2393
7813
1917
9308
2689
3653
4288
8793
2673
1278
5430
8081
9402
1622
439
384
2865
3355
7457
1682
5114
7321
4794
6755
4398
1810
7713
5779
6571
5061
1517
3971
7225
6976
4090
9676
7883
6370
2916
3082
1568
8273
4341
6889
7842
9444
99
7298
4974
5159
5114
3490
3874
6090
6912
3617
5903
8561
8537
7719
3864
8429
3469
5119
6989
7516
8743
7523
6834
4197
1053
3459
2490
4152
3541
3598
8926
4701
788
2840
677
8075
5385
5381
3417
2331
3890
2193
6706
6950
7558
8337
7255
1442
6401
2903
7933
1962
3186
1956
8316
5233
8859
7344
4308
2141
2444
2121
1233
1778
8527
3155
4373
1323
2165
9420
4458
1440
8872
3247
8077
4567
6436
7773
6991
8327
6544
2404
4260
2614
7068
8311
4303
3003
1192
4933
2983
108
7949
9083
6810
2937
5094
2457
7545
7371
5109
7699
3767
3485
8163
3859
1694
4946
7071
8915
3274
9527
2050
9609
8578
7285
6678
1427
8769
7633
3871
7900
3034
3408
7005
1832
1217
5288
4222
4553
3087
1230
1816
6300
8066
477
9398
9944
1484
1539
1124
6120
4285
1888
775
5142
195
7233
854
919
6569
2549
6946
5556
611
5621
4852
7485
8636
9638
419
9437
6949
8627
6175
7501
1293
2428
1717
8149
1416
5536
1895
4324
5694
3538
9120
9706
1568
7847
6905
5126
8112
9118
375
1544
5734
5465
4738
6057
7257
269
6583
5650
8100
4738
4383
8489
8980
1629
4024
3887
1125
4468
3917
2996
4374
7354
6017
5093
5663
6127
8686
7141
9125
6713
5534
6263
569
6640
3168
7406
5637
9573
9380
2390
3575
3231
2542
6397
892
1295
9369
5330
5990
7705
1680
7981
8018
2983
7980
1537
6229
3345
537
3001
7195
8880
8075
4341
3865
8370
7579
5837
1629
3609
8476
5745
1842
9374
3399
3403
4563
2601
4269
5436
420
2640
3934
2588
6166
6165
8442
5401
3111
8985
6979
1550
8029
6265
6014
2799
8764
3667
3956
9483
8326
9215
1254
8355
3507
9631
1891
754
3136
623
3926
8480
2841
1790
2846
9603
2227
953
5544
9053
54
5138
9551
3552
5124
720
6850
3718
9681
1092
5479
504
8246
5733
2146
2834
9662
5233
2944
101
9696
6899
156
7465
9106
267
6036
3612
5019
5450
7288
4976
8950
6658
6572
9314
4768
215
6105
4736
3537
8954
1014
6725
3384
5745
5821
266
3870
8068
5197
1513
1287
6356
6199
5983
4521
5385
7273
6225
6841
4986
523
6378
5227
8141
3210
8821
3814
3464
4780
4168
4732
3983
5359
2230
936
4769
2536
405
8767
22
3980
6937
643
9798
4718
6371
9031
6075
4743
3182
8507
4615
7114
6670
8657
5721
3898
3173
5537
3449
9190
9168
4236
1690
2752
6931
3470
3438
8842
1733
627
499
581
4675
3597
5344
8725
8035
7117
8968
9247
3782
8759
5025
218
378
5655
2645
3186
8347
8215
3919
9261
3606
5440
7696
8320
1126
3972
7826
874
5391
9225
3468
1331
1550
1722
7895
5556
5051
5926
5056
3820
4327
2672
1273
2214
3391
526
5953
1964
8832
6788
7765
4878
9534
9535
9953
6531
5486
5422
6107
8668
6137
7328
5624
7658
775
9922
6043
4650
936
202
9230
8857
3368
6881
9255
1187
2453
6230
1414
1459
4485
1307
1052
3537
4810
7636
8341
6163
2822
4823
7022
8812
9470
1558
2585
9901
6893
9579
3418
4206
330
750
3886
7401
1589
8630
126
5125
2871
4285
6916
5371
732
6335
2149
1012
3989
2849
8254
9518
8940
481
9904
2260
8509
5689
1403
7521
7010
4197
79
9049
5527
2552
5554
1033
1311
1160
1991
8189
9110
9760
367
1085
8999
4648
2238
7833
5510
5658
3573
7069
6948
5162
4445
3328
7236
2759
7448
7173
2809
3787
7655
8826
1130
2458
8140
9001
4810
8346
3378
3550
7684
5086
791
5802
2282
6076
9074
6005
7528
8818
6824
7786
4622
6812
3367
2853
3164
9889
709
6271
6143
6075
7533
9578
3812
6094
9839
6965
9583
1318
8317
3317
6176
5481
1551
4015
2416
2190
4453
8326
4838
9079
882
3140
3875
3438
1944
4064
6935
746
1001
4856
1038
1395
6274
5002
7660
4249
9867
658
7626
1076
5718
7171
2254
6553
832
4371
3566
9256
2871
5074
9055
1287
6058
827
4559
5308
1116
2354
8107
2372
3333
7143
6596
6555
3115
8094
4827
8662
2007
1185
2301
5920
6987
9589
1465
1743
8193
7841
6922
885
4875
1250
6258
8466
4113
7970
5483
3939
398
1365
849
8219
7970
954
8525
7053
7718
1801
6966
9650
1855
1235
4702
3265
1851
302
2207
7608
6192
2489
1846
60
2553
8404
6670
3698
7710
3401
9521
9552
196
6468
919
8850
5325
9481
4886
8417
4692
3999
3304
8283
8613
8165
7583
2221
847
6270
5275
1332
5367
5066
1230
7535
7249
3295
5955
8690
8912
6708
8304
164
1001
8414
8306
2943
948
5460
732
8429
9763
5073
5818
2988
4077
3885
1538
175
800
5826
4071
6858
730
577
5821
9005
8963
7394
917
4226
4026
4048
8363
372
4281
6918
8665
6561
6511
1055
3508
9134
4408
2898
2844
9748
9615
6375
4923
5548
3886
147
5371
8550
5686
3431
4589
4740
8324
5712
3120
3823
8563
4901
7946
3114
8339
6379
5299
2911
5565
1980
1166
3725
157
1784
8097
8117
7491
5696
4084
3383
3559
8292
7743
1305
5762
1813
321
6962
8692
657
9895
2656
9445
8832
3577
4940
7970
5644
1175
5561
4617
4947
8230
2270
755
4393
6425
8915
6583
547
5183
3045
7329
8186
4203
6975
7998
3775
9456
8354
3165
7467
4605
8653
7810
6006
8460
6992
9145
3897
8363
6400
444
6122
887
3119
1497
3921
9507
5133
59
2604
1937
9729
6410
78
8062
9001
3197
2038
5420
2840
2490
8817
9446
737
1505
557
3258
4972
1262
5246
9345
2998
3345
2414
2802
760
8611
3081
5411
6260
5531
6261
3191
9156
2404
7537
8837
3856
4992
4315
8002
981
2631
3338
5478
7174
3684
8910
8576
90
838
127
49
386
2912
5496
2927
8270
6785
5471
3436
4026
3363
5748
7451
5473
7157
7046
4639
5222
7566
5597
99
760
235
5137
9439
4390
9359
443
4212
6878
8447
479
6631
4218
7802
7279
1418
8823
400
5150
3249