38
1189
6536
8649
36
8842
6461
-608
5910
3278
28
6565
3993
37
5917
16
4366
38
8763
334
3452
285
6028
3220
3744
3156
327
267
-1508
5753
9053
2450
28
143
6723
8211
9537
-320
278
8592
27
18
-1279
3187
4
6943
27
49
4079
4912
163
9643
38
19
-2
7201
-1409
7837
-1805
8618
7166
3695
4281
45
87
39
4641
377
2299
287
9524
2
-109
-1880
188
7709
6038
9483
6010
26
-505
17
16
5904
89
-1303
9261
11
844
2
4529
7892
7478
7125
7964
6506
1506
26
1290
3401
36
4303
9297
-904
6523
3997
6147
9795
3771
3261
2581
7167
6038
9433
-1917
2913
36
7480
27
211
3385
1542
-1569
6108
3460
1
5674
7715
5184
1019
4814
24
4780
1395
2289
8166
27
6511
3969
34
8373
5140
9784
8199
8691
-1637
-143
4925
16
5096
27
1528
3
6759
-1385
-915
2160
2466
465
842
2853
-63
-212
56
-861
5416
493
5188
-1928
-889
298
-1663
6007
5843
-352
2946
-1809
2893
245
6147
3795
160
5
3440
5427
7334
9039
5744
-942
-1529
8466
4040
7434
992
9846
4198
3562
-219
-1675
-432
6520
6816
5825
1325
6725
171
2297
6276
5
7
-1426
-636
7772
6788
3248
2069
6243
6140
2292
8886
-611
331
9374
4198
48
9640
7324
12
15
8969
7670
4636
5354
4797
2407
4850
5172
6750
11
45
3925
5896
4883
2326
3
1839
9196
9163
1260
3158
-1674
4945
560
1019
17
-779
2067
9037
2376
8979
4691
6615
2173
28
1103
-1666
7584
3868
-488
7381
-1447
2833
-1826
26
5189
2674
-979
6700
3824
6068
1379
7465
9807
4235
754
-608
2990
1333
27
-412
-971
8376
6214
-55
7739
368
9552
4781
2990
-215
3406
8774
505
38
1742
2138
-1111
4525
-463
2766
3265
7043
37
4132
7536
-130
7623
1594
6728
7671
-1677
2368
9354
6032
2258
7194
8807
48
35
3
4332
-386
-1219
9126
1295
270
7068
8043
5189
6102
654
1577
272
9143
6034
37
37
1373
4950
2813
4537
2767
2302
-1626
72
941
7900
15
16
742
2714
-890
3738
-818
-1932
3050
-1451
-1759
4428
6740
365
8460
9398
9898
9556
8631
3212
6413
-940
4220
3905
2928
1557
-1170
2269
1945
3783
-947
-1542
-1372
4792
917
7920
3157
-1882
8443
7554
313
5871
9658
9846
-1368
610
1788
5510
-1518
-816
-52
1560
7470
5110
6817
-1950
5077
1265
5920
1366
6551
119
4106
-1714
297
-1141
5367
1253
9714
-276
2447
8730
4237
3733
2796
-220
6866
2906
1371
-1790
415
9437
539
5
518
236
3873
853
3089
1393
191
-1855
1421
3247
9513
2061
3314
8374
4065
9298
9801
3765
1905
7625
8046
2594
1942
422
8818
6666
8811
9506
2521
4636
8353
1751
5474
4735
7484
4032
9866
7395
1048
1008
7983
9286
3707
5329
-1749
9819
5435
5963
5616
683
-460
6385
3009
9162
5951
1148
4279
8131
3611
4198
-1109
4495
3706
4106
8071
-1673
9064
7127
8584
7513
7174
4050
3111
1178
9390
2673
9506
7341
6869
7669
1721
1485
947
4285
4404
9333
5006
2170
1333
3637
2191
108
-1281
7965
390
5438
429
6481
4981
8261
4900
5364
9624
6050
165
-1050
6803
9457
3755
9553
6535
8012
5838
9653
9825
6716
-625
3170
6100
9233
4191
3312
818
1749
-114
8795
-609
3017
7595
5506
8131
8414
5410
66
-481
4158
1523
1636
7491
2754
-1362
-764
6455
4945
9659
996
1684
7629
1103
-79
7021
311
2020
4645
-1
1214
8034
3738
8664
7483
3105
395
3516
7159
1385
5411
9616
-1176
538
5432
9084
2831
5157
4767
5257
4242
9032
6611
2601
-811
9505
1847
6527
7567
3918
1315
493
168
8183
30
9702
1447
3898
7568
4922
9598
6754
3295
-42
2812
3039
1626
3774
4332
6444
7064
9127
7416
8094
4422
195
6635
6070
-1190
8019
-277
-1931
-182
6877
8678
2423
9600
2402
5759
8892
8784
3936
3884
506
4212
3452
-519
6934
6626
7874
4755
-1285
652
1580
1975
3890
4299
6360
1301
-1108
3873
8114
9316
648
3102
-1557
-276
583
3604
8653
20
4385
1997
-1732
2829
1462
9815
1946
2224
-835
1955
-1813
8949
9266
4570
9351
-1872
-1765
9274
4402
-88
725
-197
2956
2578
2882
3519
4588
3413
2848
5163
8065
9638
8586
-1466
3565
1833
31
3634
5545
9151
5738
1870
-117
1387
2385
9322
1275
1058
3344
6370
4508
1701
7074
-486
2551
895
-955
6606
-114
-1307
5431
-420
1027
4228
-1613
6266
8501
3083
7479
3133
8640
1865
4330
7107
-126
-1608
3688
8273
674
-1159
7686
846
9302
-1288
7796
7075
1957
5748
8238
4101
2547
8794
9222
2328
7810
8015
3525
8166
4737
174
5151
-1867
-144
5493
9176
1135
797
-566
3052
6089
1163
7806
2322
1145
4368
9694
8567
4237
8368
4970
7652
9293
2873
8731
1597
1661
7960
7209
3905
6870
5006
2102
3863
9466
4427
1398
8441
6107
138
5654
9134
7814
2103
9883
2159
-1669
2085
3077
1307
8945
1724
1443
3654
-1923
5022
7083
-180
5974
-57
6064
-1365
6755
4194
4587
5558
686
3056
3155
987
5404
-526
5680
96
-1676
8589
3947
1423
2104
5920
7960
2160
3882
6404
7853
3626
4976
985
9121
5791
-1256
6076
2670
5096
875
1341
8295
4382
5154
989
-1769
8118
8577
3891
6038
-379
-1602
3752
8197
2931
8523
9454
1153
8737
6938
5845
5969
8649
-1089
1407
3669
4796
3142
7181
5678
4404
-129
-902
695
254
7331
2328
7644
531
-520
9214
4726
6795
4727
7496
714
426
2420
8897
6683
2310
3174
6222
1770
2392
5351
7898
-481
6070
8553
7549
8999
9652
8451
3127
4318
1407
6377
86
9483
9867
1360
9771
329
5182
-426
8578
755
-344
-1414
2515
7068
9294
4672
9314
7213
7609
2251
2069
2677
4549
6459
3147
4724
-1739
1963
2936
-894
1780
1960
6067
6259
8820
-430
-1207
7868
5826
3415
2529
9756
5525
5219
7925
888
821
-236
6361
4193
2366
-438
875
5942
8944
6042
5762
1803
-687
5480
7991
3159
7813
1649
190
9847
-418
8851
-443
495
5721
9537
8906
-284
2802
4595
787
4240
2448
1482
1619
8428
7602
4483
8171
8674
422
2374
-139
8856
2938
2187
-816
5315
-452
6371
3247
-1220
543
7684
2688
2068
5224
7916
7643
1850
3724
-497
-749
6620
1157
193
-323
-1697
1076
5643
5850
5084
7361
1410
9281
5320
-1080
3107
3577
3860
4405
9384
4466
7450
3155
7124
9643
7728
947
-1230
5029
4239
4521
-1816
7015
2216
-350
4267
-1452
7615
6457
5017
2766
5110
4337
5045
7990
2495
5509
7736
4809
3452
7462
7436
4411
-988
5577
-1873
9047
9225
5978
7040
5411
9337
-550
9170
7629
-162
860
2363
-803
7382
1310
7338
-1139
726
-686
3518
8068
1636
8925
3340
6645
3202
3773
5446
4027
5071
2366
1890
6669
-284
8320
4627
-245
682
1243
8841
3091
-694
2492
798
589
7650
4612
3958
3208
-690
9640
336
4087
8025
6875
8573
3378
317
-1108
9839
1635
-496
7422
5469
-1672
6205
731
3226
1955
-1652
-423
6607
4627
-1055
5461
8271
9658
4450
2178
8071
7293
6251
789
3058
-1828
-44
6069
2526
-1508
-1195
8173
7905
3986
2930
151
858
1829
8357
-1172
7327
-83
4105
2735
2210
255
-937
8417
528
6555
2464
8423
6389
1186
-1019
7126
2739
483
1329
1532
9147
156
7248
7709
495
2263
7547
3836
-795
-776
222
1168
3340
9149
6001
3044
7339
1044
8382
6824
7166
121
7034
6880
90
-684
5825
8556
7149
-341
1564
2889
8326
6394
8633
6905
3036
-1339
340
2295
6094
3862
5114
4850
1214
2838
-1540
8025
300
-1528
6957
4361
4508
5443
6570
-1206
4090
2726
-737
5981
5509
4212
9394
9785
6084
6795
-910
5486
9209
7997
6484
3697
4846
1303
5746
-4
4779
-530
2809
1932
7946
712
882
6288
2114
3964
-1340
912
3667
120
1567
3997
3022
615
-283
1402
-95
-220
-1532
686
3328
2788
4836
4652
-700
5372
4066
1642
987
4546
3986
8210
3919
818
5512
8817
8051
332
8189
2065
4975
-106
8983
-389
3553
9236
415
-416
-1575
8823
3398
3118
-453
9023
9836
568
752
1518
2604
5713
6325
7224
5933
4536
-1169
4873
1347
2995
7269
-1443
9040
2192
8017
-1671
3616
7175
673
9479
7109
7297
2868
9618
6953
2507
432
437
5479
6569
3983
4390
1615
4707
8314
5705
6108
6758
4970
-1563
5960
2192
654
3792
6344
396
-466
-1353
5904
1895
4465
7077
7395
5116
3225
4923
3370
9641
1351
3919
5331
1430
1442
-344
4894
5385
6260
3304
6442
-828
-1718
2261
-1169
4208
4454
3486
3471
-1454
-220
3260
1633
-1883
1507
7545
-1503
8379
7272
7739
400
126
6621
8410
4274
2956
1617
8896
-888
7736
9445
7941
6835
7968
-562
8848
805
801
3999
7797
495
4158
1846
6409
1538
2329
4521
3922
8838
-821
3061
495
1251
6050
479
5363
8208
-937
1053
-1558
8210
8940
7329
9527
-90
5445
4056
5388
4204
9678
1410
8083
1530
9324
9660
3723
1977
2211
2277
3010
4287
-175
9374
1701
8198
4844
1100
8056
9698
3683
-1636
6308
735
9067
4140
1304
5283
4159
6908
5138
2608
2088
503
9368
5209
9617
8364
8094
1746
1806
9553
9484
5152
7519
2090
2415
5602
-239
8679
3636
4241
2983
617
-1270
8396
9618
9466
7880
3507
3165
9867
7477
6482
1595
4770
8623
2520
3870
3577
-588
7252
988
-1003
8826
1524
-1935
3209
1881
3750
-1367
-915
135
8273
-1835
-1114
4943
300
6447
2187
-190
7689
9030
7283
1574
1492
6316
6992
788
2186
9675
-68
5081
8356
6989
3014
2464
-1435
9061
440
9396
1077
4935
8292
-951
-1378
-799
4657
-200
4230
-1326
7883
6346
3240
8691
4080
6974
239
39
-1196
1995
9030
4233
4780
-162
8423
-1084
6635
7435
-825
-1007
3392
997
6060
330
9004
1749
3191
2175
5587
3014
2143
-1818
9266
2995
6324
3591
9886
861
3518
1140
7075
396
-50
2230
142
8757
8093
-999
9535
-1124
122
5886
-225
4126
4145
-1603
3052
8136
6694
378
5011
-987
-290
6277
9378
2471
386
3860
-545
4530
890
189
9220
683
-192
1870
-852
8715
9256
3216
5513
3308
3441
8305
6404
606
-1863
7518
5457
6457
6264
3817
8020
810
-606
5388
-1890
5685
3299
5551
8441
8062
7542
4874
3885
1009
4175
-1576
8223
3761
-1077
-1335
8278
6611
5612
-1320
100
3348
1646
8529
420
731
5199
1393
434
6157
307
6048
7752
5696
5865
-420
404
4392
7785
-1290
8381
3862
4086
8794
1963
2530
2393
6920
5168
8097
8586
6149
824
2621
8610
2629
-1042
-892
4773
2410
-97
8135
3066
4029
2648
1864
-1490
2067
5895
9047
7807
9893
4783
4426
-389
-1024
-765
6069
9822
2469
-986
711
9237
5381
2184
-1220
1000
8724
-529
1345
8168
-226
4021
4338
7550
7229
9557
-136
4672
5644
8619
3444
1513
290
1876
9544
5699
6903
9863
4945
-931
6576
-1751
7087
4276
7723
8404
1612
5157
13
-1490
994
-833
7316
-1083
3090
6902
7003
1007
2941
8207
-1890
2869
2459
5141
7295
183
-1289
-623
1407
6146
-1240
7830
-1815
8005
3689
7059
3497
6892
3484
-1702
1524
-1210
723
1311
6892
7486
5126
5257
3922
7249
2759
3912
4826
1527
8720
9461
1102
-693
6537
4779
-1880
1038
7462
7829
-1476
4274
3963
5129
7242
460
2334
2142
6149
2992
5981
-182
864
7664
8647
854
938
493
3114
791
1531
8470
1757
5179
8649
9811
6913
7568
7939
6822
4859
4254
7811
2436
531
6590
9599
9820
943
1197
7190
8352
6500
3025
5628
3395
-407
6927
-1373
8186
1466
5859
1056
9887
2829
-1149
-1612
-512
9377
902
4247
9514
4423
7236
5416
-345
4381
674
5995
9334
425
6427
2155
6436
2166
-637
127
3541
9448
6129
9712
9013
-749
9575
3923
-735
4041
-35
3321
234
7342
-222
8613
9436
-1743
-555
1316
4829
2098
8832
6993
582
-934
5229
4880
5510
8289
2529
2042
3456
8838
9407
6928
926
-1863
9589
-768
1447
7161
3850
7487
4885
2970
499
6043
7300
3173
3370
9426
-1673
1636
-1895
-237
5292
7020
8851
9200
9607
5518
6860
6172
4213
7096
6910
5712
7035
280
5783
4442
-831
-1542
6397
397
3104
5404
1284
8086
2517
-220
9460
1335
6870
2601
-1156
4736
6779
3841
3877
2903
642
7162
1605
6410
9512
6163
-1396
659
5949
9464
7669
7075
9037
-1546
3846
8231
-714
9410
5804
6334
6090
4693
-186
-1905
5329
-956
7537
4728
626
9650
4247
-1641
247
8450
-407
-713
-177
4995
8815
-1682
2724
1702
8746
7000
2524
9729
3237
2841
6163
3678
-1625
6812
5605
9132
8077
3564
-307
-601
4461
8576
-778
-721
5126
307
6926
8245
4648
5091
3287
-805
-1509
1023
-1026
1525
2167
2510
2494
562
6444
2021
6482
9312
-261
6659
3726
8954
1193
6694
4170
4731
6165
1576
5674
7979
9302
2282
4538
7425
5761
6520
2012
7305
7142
5657
1815
6543
2980
9338
7536
1156
-1096
3054
4190
-814
-438
1183
8499
3010
-337
1381
-1175
5848
9242
-1709
9206
6830
5457
553
3337
5275
9318
1126
5532
2799
-101
2709
878
5156
3142
744
8960
-382
6229
832
4701
1707
238
5626
4750
2784
-1185
-1379
3299
-1522
906
1135
4555
565
1118
1340
8855
6723
7533
6435
-1408
8640
6584
4466
3232
363
7568
3693
6006
-436
3556
7546
3811
5242
5260
1053
1178
3212
7992
8849
-1442
8879
5031
3854
777
3075
9633
4432
4857
5919
2154
8548
6711
1889
3139
9795
4947
3335
8112
1621
6008
8832
-371
-1459
5272
9470
8179
-492
2392
6183
8416
961
8700
-684
9889
3768
569
1047
9698
1582
3086
7708
863
2820
8633
7969
2237
8733
4486
5210
6644
4934
439
8018
4475
-749
7427
2957
-1063
8747
7944
496
-966
5999
6536
2598
-1267
7890
-1871
4822
2007
5941
-604
687
3412
3268
2739
5111
3254
2317
-1430
2600
8759
6599
3061
7740
4611
8925
4363
8104
2103
1794
7236
3102
-808
2177
7133
8935
5272
7079
2969
-916
3879
505
9224
-1903
340
4270
9649
4704
9895
2176
7982
1588
8411
2518
-928
5413
-219
794
2529
7601
-1252
8335
5758
7491
3395
1445
3727
54
-1855
912
4980
9877
420
1231
-1216
-1538
-1701
-29
2033
9201
-156
6890
6830
5507
8670
1240
1318
-1801
2786
87
7260
4144
-232
2021
7937
8601
4868
-1504
1789
8651
4400
-384
7122
6422
6289
1580
762
4926
2205
-1574
1774
9157
-1785
3223
7808
6763
-491
5404
7510
2090
8287
1247
5808
9051
3112
6365
1015
8383
6830
3462
5609
4255
6742
6527
6567
-1171
3780
1330
7863
9421
4195
-1217
7403
6125
783
6856
8669
7042
2934
8386
9420
1941
7596
-1628
1038
4568
-558
653
5049
-827
6220
-1111
4182
-760
9560
1985
7439
2841
2451
3385
126
2514
4871
6943
4151
-1364
2276
8716
6424
5435
9494
7551
9012
2105
3123
1902
1672
-1582
4301
2325
7812
8623
-1539
5391
5262
285
9501
6560
8703
1517
9524
1060
8193
6235
-687
2749
2375
9779
4533
6386
9835
-1466
8268
-511
7656
4096
3547
5557
2112
310
7390
7188
9021
688
1895
8250
8370
2484
5044
3392
7015
8413
8911
1304
7538
6299
6443
7741
3490
6563
4365
5691
3285
9800
-1679
6450
-474
307
-1530
9045
5346
1574
3790
5812
7613
5673
7321
162
6085
5051
-1164
3457
4276
-1563
9190
4908
6568
4469
4267
7751
5478
1650
7252
2452
14
7315
89
7702
3334
2736
7308
-1600
6560
6394
5683
5627
4606
346
5023
4964
8045
8585
4376
2515
7009
-1919
-573
3339
5768
2107
2650
7911
7706
5017
722
6319
4269
4494
6304
9620
5182
5198
-910
7747
4347
1417
2874
547
5746
9195
-676
5024
3271
4626
4993
-1086
2211
6231
7850
-466
6632
-399
5354
9627
6736
115
2076
7390
1299
6361
1989
6687
8509
868
2668
8664
-1924
5495
-325
-1308
-170
1399
1787
3539
1392
8916
-1636
-1383
9096
4064
8651
-751
7305
8432
9866
2885
7799
3309
6708
1038
9138
9788
5274
9814
9450
3304
-318
7028
-914
5551
8318
-886
6427
8263
5238
2410
-1444
8859
3950
1610
3816
3431
9866
8721
3299
-847
7341
2881
5092
9136
2886
1037
4386
2018
7936
2160
2717
4895
3593
8656
5938
5092
2045
2165
-1942
3458
-1537
-1751
108
-1000
7924
3823
4158
253
5173
2929
-1240
-1855
4986
2722
4811
4588
2485
2546
5504
-1828
-586
3771
4895
3208
-1435
-196
5594
-109
7162
5822
5174
6679
4381
101
3873
8116
5139
5272
3756
-1053
623
-1675
6618
588
9232
8505
6199
-400
8286
9029
3797
7558
-7
4295
-706
9855
5197
2737
6355
7844
6485
7062
6171
4689
-1881
2870
7968
-618
9687
-1323
5117
8506
3252
9386
5296
23
6792
3456
6513
6141
5710
863
294
-384
3089
2600
6394
-1060
1224
5034
5319
5344
8941
5345
2405
6583
5198
2049
9378
5165
4098
2874
5288
144
3216
2266
365
2480
5432
1434
1542
7859
3730
-889
3199
5666
-1898
4730
2134
1453
4812
-920
5626
2201
5253
5361
7993
2668
7861
1113
6202
4389
6568
-1100
1982
2933
3259
156
5917
2753
-1186
3441
5336
3061
7820
488
7757
1147
4787
8527
-120
-22
9255
8864
3806
9516
3844
6650
154
6676
1869
-249
1414
2790
-1272
2776
4937
6904
1163
9685
6243
-746
4194
5960
872
764
7522
758
4342
3963
8093
7689
5555
1614
5247
7271
4264
8324
3821
9684
6085
7138
1104
5582
2651
4758
926
5017
1217
3879
6335
9201
2156
3565
8029
1265
-870
-1861
5413
-1913
2533
4623
4550
-1471
2887
3255
6372
3336
8586
6391
9035
-890
5208
-832
4674
6025
3049
1478
1015
-386
6422
1821
9379
-265
452
8037
6851
68
9385
-39
2708
1031
966
7155
2184
5170
7791
6916
951
9606
3472
3021
8439
5004
2590
3342
8562
4841
-417
8804
8432
-487
7315
3785
1062
1008
4095
8437
4162
9652
7993
2270
7264
4192
-434
-497
6327
6527
353
3649
527
-931
6741
3905
-1150
57
9052
-557
7526
1719
-388
8965
-1592
530
7056
199
-612
3760
1607
7503
3571
3276
636
5849
5272
9510
540
-584
6260
6375
5552
4212
-1727
5000
4010
6939
8582
6999
8453
4732
5959
6408
7141
4811
9748
94
4329
8329
1081
635
8661
4202
7345
9312
-1032
2012
3672
2680
934
7987
-196
1722
530
1397
7627
-1878
-1866
8074
-384
-1332
-627
4023
2926
6418
7920
1062
5583
3423
-1843
-1572
9511
7810
6589
9147
5518
-1851
6909
8867
-1516
7432
4238
7251
5779
-352
4848
4309
48
4393
1146
6199
4714
2493
3960
7425
3578
6275
4976
8367
2022
6466
4701
3481
3682
-430
4191
5064
2515
4382
442
8952
7135
3362
2285
2080
2268
122
2329
3992
-1286
2713
8695
4319
7453
3329
6022
8047
4611
-725
6682
1744
5624
3586
7203
2742
7383
1619
3455
9315
3808
8407
7034
1866
-226
857
9482
-1211
5406
2998
-678
4688
9146
9670
2801
8505
228
9323
4588
7824
4053
2010
5402
3128
6257
3674
6967
833
5439
6723
367
923
9419
1379
-1915
4291
8595
3558
7339
336
-342
729
8584
4798
663
321
-949
3865
8964
9254
3103
2275
4501
3435
5737
9283
3484
2566
454
4823
8047
416
7599
7912
3320
5489
1684
8659
760
7772
-183
1574
2983
-1062
-1333
3039
-1416
6637
1421
-299
609
8164
544
-502
3227
3505
1090
2752
2005
2406
3720
7901
7471
1540
7938
7280
2970
1788
1606
1029
-1103
8125
2555
997
-290
4476
5818
-1890
9237
1068
-1404
5499
755
-530
-395
5037
3454
7886
-115
9281
9538
731
990
2724
9285
9617
6727
1423
4151
6933
5904
3831
5958
8063
6332
6082
7607
-1391
8146
8105
9602
6382
3218
3410
8564
6724
-733
1164
7857
1465
9207
5954
5471
7485
6727
-1359
2918
9206
8390
1185
9181
8155
4758
4069
-1265
6228
-309
-597
8320
1201
4583
-827
7945
9015
9560
6868
3917
1918
9593
4893
312
5586
6622
702
6253
9452
-23
1979
734
5385
3499
9003
-446
1688
9170
8485
588
109
2925
-413
1510
4339
396
8165
-1515
2089
7297
4216
-1755
1389
1398
7562
2349
5784
5143
5264
5213
1358
9762
4456
1709
-613
611
9622
-1194
7006
1333
-608
8981
3173
8804
1420
844
-313
1741
9876
-799
-51
6972
-1092
5751
6718
4866
8245
5348
3805
5671
2174
6422
3654
3965
3180
2123
1542
9571
2593
8150
-761
3060
5793
3239
1698
8898
4897
9182
298
-1130
-1613
3392
1332
-1941
2030
6358
4078
5512
9359
5203
-1019
8964
5342
7183
3665
1320
8727
649
3742
9183
8798
6413
3125
2644
6386
-812
5770
-850
-891
7827
2576
5905
4920
8718
7918
8532
549
4918
2382
9516
7526
1561
9686
4073
2491
-938
3251
851
7541
1584
4575
1387
3058
7529
1825
-1887
7446
9757
4814
4571
1485
4243
1681
-166
7798
3161
5547
3181
7899
3930
3254
748
7069
2881
1591
7470
1191
4824
7819
5678
6770
-1330
5237
6458
1885
9045
39
1183
3994
6753
4227
3583
6336
-1007
276
1513
2142
5142
7186
9885
9193
1422
3974
6491
9734
8161
8488
7427
2907
914
6045
5136
8827
6957
6851
5950
7606
392
4428
-1681
2303
5776
-863
103
2965
5027
5108
9858
974
7890
8099
6541
8044
-1
-1726
7208
8090
211
8855
-774
5703
8862
-1349
1608
-1340
-128
-1517
6608
-930
2786
4671
-779
246
2365
6658
2771
9385
2776
8647
8874
142
-360
6132
7909
3976
-1414
1996
4932
7870
8148
3436
4539
9763
4395
7732
7977
2515
8257
2951
5651
8096
8143
2680
-1062
2608
-1135
1933
506
3745
6372
91
-577
3300
2414
1542
2142
8833
-1656
8005
6991
6844
-564
5805
8860
4253
5768
2806
8908
6341
9579
996
3716
-677
-275
250
7139
221
-1887
7835
3830
3892
1381
1322
-255
8395
-1891
4717
4608
9216
4440
7308
9621
8614
1963
-1390
-623
7179
5187
252
9683
9465
-367
2718
3027
6461
2857
3881
565
-1518
8746
8816
1732
367
8635
-813
1597
5453
7425
197
2034
5816
8395
3521
5877
806
3016
797
1978
5812
-1256
508
6595
-72
7226
2403
-313
780
7644
814
468
9282
8598
1740
9246
698
7934
2731
3689
730
3605
896
1731
4977
7954
7148
-467
-1836
1648
4144
-1714
6954
6588
4036
8547
6359
6836
896
8537
3433
963
-411
-1465
-1229
-677
6472
6346
8057
9587
6253
7278
6797
1308
-1164
8689
4495
9200
6009
5843
7675
466
4185
4487
998
4670
-193
1640
4002
369
5438
3749
2334
8567
1549
2783
1708
2432
8502
6289
3991
472
5265
7853
9271
2274
-1197
6068
7725
7224
5015
202
4436
1787
1596
7401
-1347
-92
7651
66
-1895
3472
-968
5094
3336
2498
-1865
6671
648
6288
3282
3210
8735
7866
2257
868
6618
9771
7654
2817
1784
6978
158
9536
4738
3785
2806
-1342
6349
4722
4208
72
-1506
7239
8832
-1576
7481
7413
4787
5610
104
2838
5500
5938
4402
886
-492
6539
4260
4868
3600
4225
7031
-349
5522
5674
-1136
3260
9819
160
-1562
7921
2328
3971
7403
1933
5536
-1568
1110
5573
-1285
-91
1598
1826
9629
3580
-1808
6502
5563
2525
3648
-1513
7695
5174
7466
-437
5010
2783
1199
2144
7365
-1725
816
1031
2524
291
7296
2096
-1049
1476
5813
-1421
5971
635
8415
-1783
-591
9893
5057
6595
9444
4961
517
7693
6926
1503
188
8531
-1839
5677
8703
-1873
146
730
4170
-901
9859
-1794
5553
4890
4363
7379
4362
8823
-408
1398
2828
9534
8091
6944
2419
-1326
5418
-516
2666
9251
2771
7031
-1105
-1931
-1342
-236
2176
-593
1840
2706
4388
66
3325
-149
1725
-941
-1092
690
-1136
2043
-1202
1683
9129
5695
4820
145
5033
-834
3405
8159
7812
7979
-1923
5640
4928
8554
-1487
-501
6893
982
5995
9366
-1050
-1146
6318
2139
1128
8423
1982
6186
9676
6130
1763
1686
3252
902
2659
1777
8322
7487
8083
1337
6695
486
6397
6006
9269
7885
2311
7450
3815
4892
-320
2584
7584
1070
-72
7736
5786
9274
9467
194
7062
9484
8046
1504
4269
8908
-1698
-541
4364
483
-667
4790
4940
1376
7960
5935
6013
6497
2308
7779
920
3706
2153
4557
2435
7275
4144
1189
1642
5712
-831
1170
5105
9686
8488
3745
7786
4380
4012
2134
9296
9673
7513
-1167
3382
-1562
3976
3708
4535
3098
3043
4350
5918
3057
1276
6773
2496
9154
1524
1225
3250
7143
7472
1030
4443
1290
482
6321
6460
6514
3868
401
6247
1024
-923
526
-921
-710
2036
5575
5359
553
2973
7731
1411
6391
-1892
9393
5549
641
2044
-1413
3589
5074
9214
9052
5656
8900
-1611
2175
9066
960
5742
-1138
7411
9553
5589
2753
-1622
-333
-205
3151
2243
4795
5116
-1374
3127
7135
-820
5799
9116
3703
1643
7594
6916
5897
-1029
354
3317
-1929
3412
1286
-557
7265
5914
2063
6532
6821
7165
9107
8753
3731
5586
9893
6580
-1949
5501
-875
6223
-1128
8717
7729
9006
9209
5511
5500
5440
8229
6362
1002
-1904
6890
8516
6302
7875
-1793
7327
1383
7215
3512
6052
-1743
9642
-1513
7754
-1485
7230
3841
4212
3486
79
3041
2900
-1277
-1819
5033
-208
8161
-581
-350
8232
4373
1211
6190
6879
6454
-515
6229
2996
1126
-1312
7194
-1121
7236
4014
120
1489
-1433
-850
1125
6515
6842
-1498
-324
5438
3595
-1943
4919
1507
5926
-152
8635
2284
4151
-511
4973
-987
4770
964
-579
8186
3902
8532
-283
3658
990
4791
-140
-656
5956
2933
2224
3707
2996
8641
-497
4251
4802
5144
-78
9142
5867
5427
5239
8231
-1765
4879
8803
6769
7958
7253
-647
3529
2897
5827
-1568
8955
-637
-625
3043
-480
-772
9155
2960
8324
9107
2867
2303
981
3995
9355
7401
1743
4240
191
5503
-1038
2758
-863
8032
583
2544
8821
4227
2356
7896
404
-1950
2989
142
8517
7065
7615
167
1385
-1435
2258
7466
297
3187
5719
5757
3738
4926
82
2592
7539
2000
3115
-1485
8412
1640
1001
2663
6109
7679
8014
-1070
4367
5702
4507
-783
3671
6205
2489
-1892
-1204
60
3802
2033
5370
4989
6354
4432
-817
-1323
1235
3972
1744
991
7398
8414
6581
9327
3840
-389
6020
7606
-675
9176
920
3078
8700
6287
-1918
470
-1832
7183
7285
9668
528
7085
9114
8972
9446
2740
-1600
3274
-259
4803
-889
760
1645
2511
3970
8647
9751
5753
-839
3136
3373
7415
-804
4852
5716
1174
7593
3904
5487
8656
4151
8541
8247
3918
120
9464
259
-421
965
4044
7933
4317
1155
2051
5326
5128
-1132
3468
-1196
7767
6168
9732
3436
937
5557
5111
5449
1828
1992
4106
2287
-890
5753
7401
4344
4757
-1316
7872
100
278
9145
-460
4773
712
995
3941
8161
4371
1951
2712
6919
3482
5527
1652
-1903
-933
9707
9564
1707
7168
86
8169
-1714
2388
6697
311
2883
-1278
6439
1271
4148
-935
-1937
2231
-695
6177
6787
4296
5136
3853
-271
-438
6173
9434
8678
5683
8431
9285
-1672
4314
-1053
1534
6448
-563
4545
-144
8441
8077
5826
2015
8349
3589
5902
7971
-466
3674
8850
7976
-687
851
8348
6529
-286
-909
-1196
9431
5651
1263
5225
-1348
7712
9254
3982
3594
5906
-818
8862
-636
859
2858
2042
-930
7394
5532
-1796
2365
1255
-506
8962
3168
1514
3525
8237
2546
7260
1615
1774
8629
-1103
6786
663
1970
215
3468
5436
2527
6916
-1676
6397
5834
1166
9620
7394
8243
5997
7416
6625
4645
4856
5559
2139
9815
8445
1176
5921
6724
8822
3678
8216
3607
7118
4348
8655
8830
-1011
1246
-577
5777
272
5150
456
1989
5152
9596
4564
-990
6206
913
8015
5663
7995
7202
1916
-376
5369
5974
3217
-232
2249
-153
2081
4991
-1023
5983
7236
5354
3099
-1096
-924
2699
5077
7330
1128
7090
6032
5185
5701
4490
-141
25
5837
8538
1160
7029
2056
4567
6681
28
3262
-1926
44
4947
5422
9687
7183
7849
6901
-525
3667
59
4743
17
8199
3603
1238
3441
4980
-1739
-137
901
44
-1112
1577
-1774
47
9494
6085
5673
4080
467
1898
2888
-1571
4667
5115
285
1574
6943
35
-436
4276
-1885
7516
1558
2445
1982
27
9641
1125
2
5934
4217
9471
2427
6023
6063
6201
-162
4343
-565
1820
1978
4678
7234
4069
9654
1282
-1411
2561
8020
9601
4701
2471
1345
5599
8933
7526
7997
3321
7356
112
4175
9188
416
2835
3009
9157
8659
4361
1098
5704
6616
36
8966
7030
1178
5268
-149
-1098
45
6246
73
7347
8048
-104
7316
27
632
48
2705
5543
9397
342
7811
966
16
-545
39
-278
382
2373
-1578
2393
-1542
5165
9203
663
-12
7076
3587
33
57
9
9868
8134
2386
8949
3605
6640
79
-908
1998
856
811
3724
3382
3681
769
-937
9821
-641
8
762
5887
8446
-1118
5739
6056
6932
52
8606
5060
3482
8
7835
47
-154
4388
570
-867
47
23
11
4958
3
9796
4171
-1384
58
38
8117
819
-1261
2047
148
27
37
1194
4013
3145
5989
9044
28
36
4132
37
316
4201
5614
-227
4
76
4379
26
9899
4771
3252
-392
-1263
34
89
3848
37
1866
2529
3935
17
37
3690
748
2062
1712
-1432
27
-1842
46
22
4379
4326
3262
2524
3024
7654
1849
1811
2
-801
7117
4927
3655
4940
4481
26
-167
755
8966
7095
3307
3861
6073
28
748
1190
69
7156
34
6399
5856
5776
6284
3446
8275
6089
37
-1697
808
5179
202
4905
30
-837
1397
9141
47
7351
87
3293
34
8562
3396
8419
8180
9568
9246
3879
8342
4477
-1706
-715
7059
556
3159
37
-1933
-1527
3433
2084
9777
3924
36
8505
7
3
4972
8896
4457
6280
36
3692
7492
4102
1901
-428
3664
586
-1539
47
7146
287
6171
6286
2
4368
-1922
960
7365
3747
37
-932