15800 300
3
54
65
222
433
35
83
92
32
98
12
32
45
34
899
1
22
33
54
66
77
41
36
89
41
38
92
63
47
80
41
78
93
36
45
67
83
23
119
167
245
23
46
78
123
12
88
43
38
90
45
23
23
456
765
32
45
789
211
87
52
27
94
53
23
67
93
26
71
79
23
53
67
95
45
36
37
80
10
2
6
99
34
112
341
345
12
344
265
22
57
34
223
4567
876
32
123
547
21
34
76
83
42
567
2345
256
985
324
23
455
12
89
6
3
45
67
72
94
67
73
38
84
48
21
14
16
3
7
43
48
67
34
23
455
6
3
3
4
566
544
357
75
746
456
35
4
45
4
33
64
21
45
37
89
34
36
38
39
334
545
575
787
83
48
90
93
45
47
71
16
38
41
95
48
33
235
246
3245
768
9345
447
34
21
54
2
87
58
38
29
60
30
53
234
45
73
88
43
26
28
93
78
66
533
33
66
21
11
4
7
15
18
62
73
36
87
98
32
34
28
84
23
33
45
124
567
321
458
321
349
20
52
50
40
9
45
8
18
27
38
37
28
650
36
12
53
27
81
32
56
87
26
1
4
5
8
34
71
96
451
36
789
456
73
23
76
34
76
34
32
11
33
62
84
26
84
32
4
8
90
76
32
1
65
38
29
19
17
3
5
17
19
37
88
82
66
48
37
27
44
37
