8000 
6 10
10 50
33 38
42 21
47 50
2 21
9 46
11 49
16 40
24 39
25 2
25 42
39 3
42 3
46 21
49 49
3 35
10 43
15 43
20 2
29 14
47 11
3 19
3 19
10 31
10 19
11 41
11 28
12 12
12 38
14 40
18 11
20 2
21 31
21 47
27 18
44 43
50 10
4 46
4 43
6 47
10 17
19 13
35 44
36 50
2 49
8 13
12 44
13 4
35 6
35 48
37 49
37 46
46 3
19 1
25 35
27 10
49 38
3 16
11 21
14 24
25 20
28 9
34 13
8 21
12 22
23 38
25 33
25 19
27 38
28 1
32 31
37 30
45 33
24 16
32 48
34 7
45 15
49 3
4 42
22 39
26 4
28 4
30 10
30 17
35 3
44 3
46 39
47 12
48 34
4 27
6 30
11 39
19 44
28 19
36 2
38 5
39 49
39 25
25 12
38 25
39 4
11 22
16 45
26 15
26 45
33 42
36 26
41 16
42 34
50 20
1 22
14 49
21 22
38 36
43 24
7 3
12 17
19 19
25 9
40 10
44 36
50 35
4 38
8 40
12 22
14 2
14 38
18 22
21 26
29 6
37 32
37 8
45 46
48 39
49 26
1 22
6 47
7 22
9 16
10 12
16 10
17 46
28 7
34 15
37 18
39 49
42 50
46 48
50 27
1 20
7 21
21 4
22 44
25 2
41 33
47 3
1 24
4 30
10 44
11 27
18 49
29 31
32 23
44 8
5 43
14 12
15 16
18 21
19 19
27 22
33 41
39 27
50 48
2 1
3 42
18 45
21 42
24 2
31 25
42 16
45 23
48 16
6 5
6 12
9 40
10 2
12 35
21 25
28 46
36 34
45 1
47 35
8 27
17 28
21 40
24 38
29 16
29 42
31 35
43 33
45 46
17 18
17 20
19 18
20 22
21 8
25 11
29 35
29 3
33 36
38 29
48 13
50 24
3 45
10 22
13 46
15 39
21 19
27 45
23 29
28 50
30 4
32 31
45 31
50 32
5 8
13 31
13 18
14 22
17 30
31 4
37 4
46 5
46 2
9 38
9 11
16 6
18 35
21 14
21 32
26 46
27 31
32 4
38 29
48 48
50 47
4 5
9 36
11 46
24 43
34 1
36 35
37 13
41 29
50 7
9 50
11 15
19 34
29 35
30 12
32 44
34 20
34 40
47 2
48 49
6 22
7 4
20 32
30 4
31 19
42 42
1 39
11 19
12 22
15 28
25 40
26 1
26 9
31 49
31 15
36 48
43 23
47 49
1 49
12 49
17 6
25 44
26 38
45 2
18 17
32 45
19 48
47 32
9 13
11 35
15 31
23 33
45 21
50 25
1 45
5 14
11 10
28 34
40 5
41 16
41 39
48 10
49 49
8 47
22 38
22 43
25 4
36 29
37 13
47 24
2 20
10 7
22 40
29 1
29 15
35 13
3 1
5 28
25 45
28 44
29 25
36 25
1 36
1 16
7 17
7 3
12 1
1 10
12 45
12 17
13 22
16 47
36 2
40 14
43 15
44 30
50 37
8 8
30 11
37 20
44 45
46 21
9 47
17 38
22 8
25 31
26 7
26 25
29 50
32 19
35 11
36 36
41 32
47 42
50 49
28 36
31 34
44 50
14 30
22 15
33 27
35 29
40 20
48 5
3 2
11 22
15 29
15 13
27 6
28 11
44 46
2 24
10 7
15 42
17 35
18 37
27 22
38 4
42 8
43 33
44 10
50 14
6 17
22 50
28 9
35 30
1 18
14 11
38 23
48 25
12 7
13 40
24 22
25 44
41 32
41 31
43 33
46 41
48 20
1 37
1 27
14 22
17 1
25 42
29 5
33 24
44 44
30 21
40 10
1 33
6 40
23 18
34 38
42 41
5 37
6 10
14 15
26 27
31 26
47 47
8 27
12 29
14 12
19 27
31 17
36 46
39 48
44 47
48 5
2 18
17 4
22 11
32 22
34 20
37 31
38 20
39 14
4 34
4 14
10 26
12 16
22 24
24 39
35 44
38 29
45 49
1 46
3 8
7 33
12 35
17 32
32 8
34 4
37 37
39 20
41 1
13 12
16 15
16 23
26 45
27 16
30 27
33 1
38 12
49 19
37 4
43 47
45 17
45 9
48 2
2 36
3 2
12 40
14 21
19 18
23 19
30 8
2 9
7 21
17 38
29 10
31 19
31 45
38 27
18 45
20 17
21 48
25 15
29 18
5 33
16 29
19 30
21 42
23 17
34 26
49 30
1 10
12 7
17 15
22 1
23 46
26 27
46 11
48 7
1 20
2 44
28 20
35 24
41 47
42 6
43 38
43 49
1 27
20 13
28 33
30 16
33 36
6 35
28 31
35 47
41 28
45 11
47 19
6 2
10 37
10 10
20 26
26 37
29 50
33 26
35 4
46 31
46 45
47 27
48 23
48 37
48 7
9 27
10 45
23 18
31 1
35 3
39 32
41 31
48 23
2 34
14 32
14 30
20 50
24 3
25 12
28 46
31 32
32 4
36 43
43 47
3 22
5 36
6 2
13 16
21 9
27 30
32 30
33 13
7 22
10 45
14 17
1 28
11 5
15 48
17 47
21 19
25 4
27 13
49 4
13 2
14 19
24 15
31 35
33 14
38 8
41 12
10 4
10 43
27 39
30 38
34 11
50 3
8 2
13 12
36 3
36 13
14 48
14 25
15 14
34 8
38 47
38 21
50 20
1 29
16 14
24 41
37 43
40 40
23 10
27 40
32 19
38 34
3 11
18 18
40 32
4 26
5 18
7 37
17 31
18 26
22 36
31 20
32 21
37 18
4 9
5 22
5 12
24 36
28 18
30 28
38 17
43 32
43 2
44 13
47 24
48 8
4 12
8 3
9 29
16 43
18 44
22 42
40 36
42 41
43 48
44 36
49 3
50 30
3 34
6 30
25 38
29 29
45 29
46 26
49 6
3 49
11 10
14 12
16 41
19 46
33 32
39 3
40 31
42 20
44 9
44 34
48 18
3 45
9 19
15 16
19 37
31 30
40 20
50 50
2 50
3 39
7 37
8 21
18 15
18 17
19 33
26 26
30 31
45 50
38 46
50 33
4 8
5 40
13 30
15 6
26 3
36 9
5 28
15 23
18 47
22 23
29 34
32 44
38 17
42 28
45 29
3 13
10 7
10 42
35 15
45 29
7 2
14 17
26 26
36 47
41 11
44 2
5 50
8 17
10 42
12 43
14 29
14 17
17 18
48 20
2 40
5 30
6 29
11 11
11 30
14 42
19 44
20 12
25 6
29 4
44 3
9 17
15 23
36 19
37 42
50 12
15 32
23 33
27 4
28 6
31 23
42 14
46 9
4 29
6 25
18 18
29 2
31 50
36 15
44 46
49 36
1 12
3 28
10 42
15 9
21 46
27 11
36 45
45 35
50 39
13 6
15 45
17 33
23 44
24 29
35 13
42 35
44 38
45 25
26 26
26 47
28 26
37 7
45 49
48 46
50 28
1 1
8 37
12 21
15 4
16 20
17 30
18 7
19 13
26 47
27 46
32 27
33 44
35 9
47 11
49 44
50 20
12 5
22 28
33 33
37 38
47 19
48 19
7 3
9 13
22 12
45 22
46 15
49 27
6 16
8 25
9 10
19 22
25 40
28 11
31 8
46 15
12 9
20 38
25 3
37 3
37 21
47 3
50 32
1 29
2 12
9 6
15 4
27 49
28 21
35 19
41 28
46 18
46 32
49 49
4 2
8 43
15 38
42 8
50 49
6 32
7 46
9 10
19 49
22 22
24 15
24 22
24 26
28 34
37 38
43 13
50 50
11 14
19 21
20 12
37 31
44 18
44 1
45 22
49 6
1 34
21 28
22 24
29 32
30 42
32 13
34 6
41 47
10 29
14 49
15 39
23 48
27 47
27 50
32 34
36 46
46 4
13 6
19 20
27 14
32 20
40 46
44 8
45 42
6 7
7 49
19 17
28 15
31 8
31 24
43 13
43 27
49 45
4 48
17 9
32 4
35 50
37 7
37 4
40 4
48 5
9 22
10 24
13 33
19 5
32 11
36 27
38 7
39 8
48 7
3 1
3 46
15 29
16 11
17 13
26 49
28 42
28 27
30 37
38 27
44 38
1 16
4 5
6 41
11 5
11 33
15 37
26 27
32 18
40 38
45 14
46 16
4 12
29 2
34 49
38 34
39 27
45 26
47 16
49 23
6 10
18 47
27 41
32 40
46 32
3 1
20 30
30 42
33 6
33 44
36 8
39 28
42 3
42 28
46 29
49 4
9 7
16 14
22 22
33 23
41 30
42 50
42 28
11 28
12 36
16 50
23 41
46 40
49 1
49 49
50 22
5 24
8 27
8 25
28 35
38 25
46 39
50 36
7 14
7 29
16 7
30 22
34 20
36 8
36 20
38 35
39 24
39 23
1 1
13 29
18 2
29 46
33 8
36 46
46 38
7 47
8 2
21 46
21 20
24 42
37 20
44 27
44 24
48 19
7 31
9 41
14 15
21 48
25 39
26 12
26 30
39 21
43 14
45 37
47 36
1 8
25 26
29 40
30 39
36 43
41 24
42 25
2 44
5 30
8 2
16 18
20 8
20 46
27 3
30 37
30 5
39 30
48 9
6 1
14 16
23 22
25 10
29 41
33 8
34 3
39 31
41 41
45 50
12 3
18 9
24 20
26 34
38 2
49 11
13 22
15 14
16 19
39 39
40 23
42 5
49 49
1 34
2 12
3 36
8 7
27 23
32 42
38 10
1 46
2 6
37 17
40 28
40 20
43 17
47 12
50 4
4 4
4 3
5 39
12 21
14 29
17 19
24 44
29 4
48 29
49 48
3 22
8 21
10 41
12 31
16 41
24 29
27 42
47 10
3 27
4 39
5 44
7 43
33 11
36 24
39 44
39 3
43 10
43 24
45 46
6 7
8 3
13 45
24 50
33 5
38 3
3 4
7 15
8 29
8 23
10 49
12 32
15 1
15 4
24 27
34 12
37 37
38 24
42 33
43 19
9 17
13 25
21 40
27 38
27 2
34 6
38 37
38 43
40 49
42 7
46 25
1 43
11 23
15 25
21 17
30 46
37 22
47 36
10 34
15 2
20 25
29 42
49 29
24 28
33 21
34 37
37 25
42 46
46 20
47 50
48 8
3 41
8 38
23 13
38 20
39 1
39 39
4 38
17 17
35 33
44 4
49 39
3 2
7 42
15 40
21 30
22 34
28 28
39 2
44 27
44 13
46 43
47 18
47 40
1 46
9 10
10 34
17 37
24 9
29 20
32 5
33 4
34 30
34 2
36 37
4 41
8 5
11 17
17 44
18 28
23 46
24 17
26 27
26 45
33 17
37 42
42 40
43 22
45 37
9 33
19 27
27 37
35 15
3 2
9 10
14 31
20 4
23 43
27 14
29 9
33 33
36 23
38 18
47 23
49 38
4 4
4 39
5 1
15 33
18 19
31 24
41 12
43 9
44 30
12 31
19 50
34 4
36 20
37 28
45 40
47 40
49 40
15 21
25 27
27 42
29 50
34 48
48 13
1 19
25 30
26 15
27 44
32 16
34 48
38 5
9 9
23 25
25 24
33 42
37 7
5 32
12 25
15 14
17 7
50 27
29 10
31 39
46 47
47 20
47 33
48 13
2 32
4 46
17 39
18 5
23 31
25 33
37 22
41 28
43 14
48 7
4 43
5 11
7 28
14 7
15 39
36 49
37 33
38 19
10 33
13 38
14 32
15 10
27 37
28 32
37 15
40 10
42 38
42 47
3 31
6 18
6 12
16 18
18 18
25 31
32 38
33 23
41 14
41 5
46 2
6 3
10 21
13 1
14 40
16 47
17 31
20 22
23 48
29 42
36 9
3 39
4 46
6 15
7 41
15 15
15 49
42 28
49 44
50 3
6 37
9 38
10 35
14 33
14 18
15 14
30 12
31 18
33 15
34 34
36 13
43 45
46 35
49 10
2 34
10 21
15 13
19 49
23 31
30 26
5 36
5 29
7 29
11 3
26 26
29 28
37 39
9 33
16 21
16 19
24 37
42 24
43 29
50 7
5 23
9 4
10 40
16 31
19 24
24 35
30 1
34 26
38 24
47 46
20 25
27 17
40 13
46 8
1 27
3 16
6 10
29 49
39 38
44 48
44 12
5 22
10 46
11 29
14 45
15 16
17 11
18 18
19 8
19 37
24 26
30 22
32 19
35 13
43 26
49 39
6 4
14 14
19 4
22 20
23 13
29 43
35 17
36 4
41 43
47 25
50 44
15 40
20 5
26 28
31 30
47 39
13 31
18 27
34 30
35 41
48 35
11 13
13 32
18 49
26 27
26 33
28 27
29 12
30 37
34 30
36 33
37 10
38 21
39 46
41 22
44 4
49 50
1 17
5 44
7 27
8 34
16 34
38 12
43 35
2 19
12 21
14 45
16 37
18 43
19 45
35 42
35 30
45 40
47 41
4 44
11 47
13 12
27 25
47 17
49 39
1 8
6 40
12 21
26 29
33 46
40 19
11 4
38 27
50 35
50 22
2 22
22 12
37 20
43 26
5 42
9 31
17 29
35 49
39 39
40 13
43 31
49 21
5 42
6 19
21 45
28 32
30 45
38 13
39 26
1 40
8 4
12 30
44 1
45 38
50 39
12 38
19 49
32 21
38 1
38 34
42 34
47 11
4 28
6 20
9 46
9 29
16 21
16 47
19 24
20 35
28 26
30 49
33 17
47 11
2 8
8 25
12 46
20 45
43 8
43 45
4 10
26 25
26 28
34 16
49 49
11 34
12 4
16 20
19 17
22 18
24 9
33 9
35 34
36 8
10 22
14 1
17 39
21 32
23 9
26 31
34 43
36 48
40 33
13 4
18 39
18 17
22 13
26 28
26 49
40 14
49 26
1 24
6 20
21 35
29 42
36 18
43 45
9 39
16 18
19 41
36 38
42 14
45 15
46 28
47 43
49 37
18 19
23 32
25 10
27 20
32 37
46 30
25 26
27 34
33 38
40 33
43 35
48 9
49 14
8 4
12 11
21 27
24 36
31 46
36 29
38 15
5 3
7 17
9 36
18 18
18 19
23 21
29 26
30 9
42 35
44 25
44 37
44 33
46 33
14 45
25 2
25 29
27 11
45 2
7 19
13 46
13 23
18 17
23 1
30 37
35 21
40 17
46 1
46 34
23 30
25 23
32 35
38 9
49 23
1 47
16 25
23 10
29 29
32 25
37 17
37 46
39 49
47 31
48 29
6 7
8 2
12 40
28 49
31 43
32 8
43 21
44 13
46 20
3 48
16 44
17 16
19 46
25 13
27 44
39 18
43 19
50 14
12 21
17 33
24 11
28 16
31 38
35 43
38 43
48 31
6 38
6 2
11 34
13 17
21 17
26 27
27 46
30 18
37 46
43 31
44 39
6 25
15 46
24 27
29 48
29 49
30 15
30 50
30 37
31 25
33 29
36 3
39 2
45 29
3 40
9 10
15 45
22 6
28 18
29 40
36 19
1 35
1 45
11 6
42 31
50 19
14 8
16 10
24 31
29 36
30 11
31 28
38 13
46 6
48 39
50 50
12 15
16 11
17 5
20 18
27 2
7 32
8 32
10 48
17 4
19 21
22 42
28 37
20 12
26 26
31 43
44 45
46 20
17 17
20 30
24 25
26 43
37 34
41 24
44 24
4 49
10 34
25 6
42 25
42 4
43 26
43 40
44 22
1 20
17 49
18 5
28 27
30 24
2 36
8 14
25 22
28 11
31 40
44 20
50 22
21 29
30 28
31 44
40 40
41 45
43 20
45 30
46 20
48 42
49 11
3 41
7 17
9 35
19 8
24 50
31 12
34 39
35 5
39 19
41 8
42 9
42 39
1 40
17 24
22 46
37 3
39 13
39 47
49 41
27 40
40 10
42 32
9 8
9 3
14 6
26 38
27 23
28 6
39 48
43 24
49 28
16 4
16 19
22 46
24 33
25 34
27 5
38 12
42 50
45 5
4 46
9 43
18 33
26 42
32 43
38 29
42 22
2 12
30 18
30 18
34 32
46 26
47 43
4 27
5 42
10 30
17 10
29 47
46 1
10 50
10 5
16 28
18 39
23 33
25 32
26 25
30 29
30 20
33 11
36 49
42 15
48 27
3 44
5 49
13 27
21 1
27 20
34 21
34 2
47 18
48 32
5 48
21 2
22 36
23 45
32 33
41 37
41 19
10 22
28 47
35 6
39 32
42 47
14 32
15 43
21 3
22 29
23 45
23 18
27 1
30 41
30 4
42 45
46 31
1 9
13 4
14 3
28 32
30 14
31 6
2 22
2 40
2 21
11 27
32 43
37 1
44 11
48 29
8 45
19 27
20 43
31 38
31 42
32 24
42 16
45 27
45 12
3 32
6 17
7 24
9 9
9 1
9 19
11 36
16 50
18 42
20 34
21 25
28 45
11 21
16 44
20 18
35 1
43 43
45 36
45 48
50 22
12 29
22 13
26 21
39 15
43 43
44 21
46 41
4 50
9 34
10 21
11 36
17 50
20 47
26 15
27 27
38 45
39 41
4 35
8 5
19 47
29 43
36 9
46 32
49 48
1 2
9 9
14 3
19 10
25 21
37 31
40 36
41 36
42 16
44 40
19 19
21 5
26 21
38 15
1 35
30 34
37 47
8 32
9 21
38 9
39 7
43 26
4 10
5 43
11 17
14 26
15 18
16 27
23 19
28 39
35 36
41 16
41 26
41 42
48 16
5 26
8 11
11 30
12 12
16 6
18 18
24 10
28 26
33 38
34 43
34 1
38 39
39 7
15 50
18 11
31 31
39 6
18 6
19 20
19 4
23 33
32 36
37 36
40 14
43 30
50 20
2 36
5 14
16 15
20 38
22 34
31 44
41 10
48 43
6 9
10 13
18 17
20 43
22 3
23 28
44 32
3 21
5 10
10 2
11 6
11 36
28 1
28 7
28 19
28 25
37 4
45 48
46 7
9 24
16 18
21 39
40 22
40 35
47 43
49 25
16 20
39 43
44 7
50 10
25 48
28 26
29 40
30 38
31 4
41 48
50 13
3 48
7 34
10 29
20 42
26 38
31 50
36 41
41 13
41 44
2 19
3 45
9 2
11 16
15 6
17 16
23 4
24 26
24 31
27 3
34 5
47 33
15 13
15 22
18 9
18 16
25 26
34 31
44 41
13 24
17 34
19 15
43 47
44 9
3 49
4 44
21 35
30 50
6 37
7 43
10 23
14 32
16 25
20 16
41 22
47 21
14 13
17 20
19 7
37 1
38 42
45 18
49 48
2 21
21 48
25 38
34 1
38 47
41 21
3 46
4 44
8 35
14 18
16 36
19 14
21 20
25 28
26 28
28 15
36 8
46 9
49 20
8 4
9 35
10 22
14 19
20 24
21 30
22 34
37 46
44 18
4 50
6 7
17 7
26 28
36 39
41 23
44 8
45 18
46 39
47 30
5 26
7 33
18 1
26 18
27 15
39 23
12 15
15 35
21 47
45 28
45 31
45 43
47 25
47 1
3 31
6 11
7 26
8 2
17 30
22 22
22 48
24 32
29 45
35 26
41 3
3 11
4 32
16 21
21 32
24 15
29 37
45 25
4 39
20 5
39 44
41 33
10 17
22 12
26 24
36 34
14 1
25 50
31 23
36 19
37 18
41 2
45 19
49 6
9 23
12 15
15 19
24 19
24 16
28 14
28 1
30 23
32 14
33 2
33 38
33 17
39 5
40 41
41 10
41 50
42 4
45 18
1 21
3 21
19 2
29 15
29 48
36 11
38 21
9 48
12 14
13 6
15 34
21 39
45 42
47 40
49 49
6 7
6 30
12 10
13 37
15 42
20 18
22 42
28 5
28 42
36 21
48 17
50 44
4 6
5 47
7 36
7 44
9 5
11 21
14 20
31 27
40 30
43 35
48 11
49 45
7 7
20 49
21 2
28 38
31 2
35 24
36 25
8 15
10 49
22 3
23 19
26 27
29 5
31 15
36 33
39 25
41 31
42 48
50 7
1 17
11 27
25 15
29 7
36 44
1 6
2 20
11 12
13 41
20 38
34 7
39 28
42 31
46 39
47 6
24 2
35 48
37 7
45 9
49 50
41 47
50 40
14 37
22 44
27 36
27 43
34 24
3 10
3 13
4 23
8 16
13 20
16 31
22 7
36 17
39 35
50 14
11 32
17 19
33 1
42 18
49 50
5 42
6 12
17 15
22 32
28 22
29 48
30 27
32 17
45 25
31 8
41 17
44 38
46 6
46 8
47 31
19 19
20 14
24 8
27 12
28 7
34 20
43 48
49 13
4 41
9 22
13 39
18 23
21 40
28 14
40 17
42 26
4 3
16 6
23 23
36 29
39 5
44 10
4 6
5 17
9 10
11 18
12 23
14 27
18 2
30 49
35 49
41 38
2 2
2 23
3 19
5 3
9 48
9 35
12 2
16 45
24 14
27 19
31 37
32 10
34 32
40 9
41 39
46 19
1 14
6 39
19 25
23 45
26 14
29 48
31 35
3 36
6 25
11 37
18 38
20 38
24 27
27 22
27 16
33 26
47 27
47 50
47 37
16 31
17 10
19 34
19 30
26 11
30 26
30 38
39 17
41 4
44 14
4 24
23 2
24 37
32 31
37 46
44 26
46 43
15 25
18 34
19 36
23 44
27 19
29 2
33 13
35 42
44 15
2 40
8 49
13 16
23 24
30 1
32 50
44 35
45 7
47 36
48 4
2 41
3 43
10 4
13 24
17 24
18 13
22 6
24 12
37 31
2 10
26 25
33 3
36 48
37 5
39 40
41 30
3 13
8 47
9 13
11 12
12 25
27 42
39 34
41 26
3 4
9 3
13 33
18 37
24 37
48 37
50 21
8 5
13 18
18 22
20 8
34 6
40 26
8 13
33 11
39 5
48 40
49 39
1 35
21 48
27 21
31 31
44 26
3 4
7 44
11 1
22 4
25 20
28 11
32 2
33 17
38 7
39 11
41 10
3 40
6 8
14 37
21 40
26 37
29 3
30 24
43 29
45 41
46 44
47 25
49 35
3 25
5 9
13 1
13 8
23 23
32 6
38 38
43 38
5 17
8 33
14 37
20 35
30 4
35 14
36 2
43 37
48 34
49 39
4 42
5 22
13 25
15 24
21 45
24 3
30 43
32 25
33 16
33 7
34 24
37 28
42 33
1 35
5 48
14 36
28 11
34 39
40 6
40 19
46 38
46 40
47 13
49 24
1 30
12 3
15 14
28 14
28 6
31 23
35 34
41 29
14 38
27 49
38 44
5 6
5 42
6 38
9 39
12 35
25 49
38 13
39 14
48 50
6 42
11 22
28 28
43 40
48 35
48 3
49 50
7 38
16 5
26 34
29 25
30 5
30 2
32 22
35 20
36 22
39 32
44 4
46 22
3 34
4 13
6 12
22 10
24 43
24 36
30 8
38 24
44 29
3 43
3 3
8 1
10 36
50 29
3 43
8 5
9 44
14 25
19 50
20 35
25 11
26 31
37 2
42 43
46 33
50 35
7 4
9 49
11 18
20 14
24 50
25 36
28 2
30 17
40 43
44 23
49 50
50 46
2 30
27 41
30 15
37 25
41 31
43 7
44 46
45 44
4 27
5 12
8 3
13 40
16 22
17 33
18 27
20 47
27 27
28 18
40 5
42 5
49 45
8 33
14 45
26 34
35 32
35 42
36 8
36 45
45 11
18 8
35 18
36 44
43 4
47 43
10 48
14 33
27 25
36 43
43 48
45 19
11 26
13 33
20 19
20 38
28 1
29 33
31 43
33 34
46 39
16 4
22 38
40 10
43 44
14 16
16 32
17 17
24 43
25 30
32 3
34 12
36 11
39 37
44 17
45 50
46 7
50 25
14 32
18 46
19 21
20 29
20 23
25 41
29 17
48 21
48 33
6 3
6 15
32 35
38 11
44 20
46 38
49 44
50 37
8 10
9 47
16 11
22 45
8 8
24 9
27 34
35 10
40 23
43 48
45 43
8 44
13 6
17 2
24 18
24 33
32 42
33 29
34 32
35 28
38 32
38 7
38 26
39 2
3 43
5 33
24 2
27 22
28 42
37 50
38 44
38 43
40 32
42 37
47 17
49 47
50 41
5 6
7 4
11 50
47 22
49 2
4 22
19 46
24 46
35 8
37 27
7 45
10 50
17 3
45 25
50 6
2 8
16 32
22 15
23 4
37 20
43 3
46 37
47 19
49 49
3 41
3 2
30 37
39 37
42 34
6 13
19 43
20 20
28 29
38 22
47 31
50 32
8 44
26 37
29 28
41 25
42 6
44 42
50 40
5 29
25 28
26 11
36 41
41 31
48 3
48 36
50 23
15 25
15 24
19 22
21 33
22 21
27 37
32 34
33 31
37 36
46 34
46 38
6 24
11 23
17 40
22 36
24 10
26 3
32 34
35 3
35 45
8 9
16 31
20 34
36 8
43 17
18 19
19 43
20 11
37 50
47 1
9 40
11 5
15 23
28 11
36 9
47 45
50 16
1 44
9 28
11 18
14 48
15 37
23 21
27 43
34 48
42 9
3 41
4 37
7 13
7 17
8 32
9 21
16 39
16 10
36 11
36 17
37 31
44 14
47 8
15 36
15 13
17 18
22 4
22 39
25 5
37 21
37 46
38 30
39 27
41 3
43 45
5 2
5 12
13 35
16 28
22 39
22 24
46 5
48 7
1 45
2 34
3 40
7 21
14 2
26 2
29 49
32 33
36 1
37 41
39 13
50 47
4 19
17 1
21 38
27 43
28 36
32 5
32 5
33 22
33 47
35 30
38 33
40 47
2 14
9 41
26 7
31 46
35 3
36 46
37 6
42 34
43 30
4 5
10 11
24 20
24 34
29 41
34 1
35 47
45 47
4 44
5 17
14 1
20 13
23 49
28 50
47 40
8 26
12 23
19 48
21 15
21 33
28 11
33 9
36 6
42 35
45 46
46 14
50 1
5 47
17 29
24 27
29 30
41 26
50 28
50 27
6 34
9 32
37 19
43 30
4 11
12 5
19 44
23 47
33 8
35 9
36 36
45 20
48 12
4 38
28 26
31 45
38 29
2 27
10 40
20 13
36 9
49 29
50 36
10 27
12 43
15 38
17 13
18 39
42 40
6 47
8 20
9 49
14 8
22 35
24 16
45 2
46 27
47 48
48 23
4 42
12 17
23 2
3 10
21 3
25 36
30 41
35 50
35 13
41 22
49 36
4 46
16 30
20 38
21 12
38 9
38 9
41 36
45 34
1 42
3 27
3 42
5 25
7 23
9 48
13 39
14 46
15 44
15 34
34 42
39 2
39 10
39 5
13 17
17 43
18 40
21 24
28 32
28 41
40 42
47 38
41 14
43 50
48 37
18 35
19 47
24 1
31 41
31 2
37 29
39 8
50 28
5 3
17 1
19 19
21 33
31 6
32 11
46 50
49 26
1 42
2 26
3 7
16 31
26 33
48 26
1 19
20 28
28 15
30 37
39 39
41 50
42 39
46 4
8 13
19 45
23 30
25 34
29 21
41 48
4 41
6 25
7 4
7 33
8 49
10 22
32 17
37 23
12 6
18 49
35 19
37 16
38 11
40 45
50 16
18 13
18 37
24 5
25 28
32 33
40 28
41 6
42 16
45 12
47 42
49 14
1 8
2 34
3 30
4 35
15 21
28 22
34 43
36 3
42 10
43 50
47 29
48 38
5 41
14 10
15 15
16 36
19 31
23 38
23 20
24 23
29 19
29 46
31 31
37 17
41 46
9 22
15 15
20 2
39 32
43 30
49 9
2 29
8 29
19 2
34 17
37 33
41 30
41 28
45 50
48 44
3 35
3 18
14 9
20 5
30 3
43 18
11 45
14 50
18 18
24 35
34 22
43 4
8 1
26 16
27 3
28 17
30 10
42 39
3 24
21 29
39 7
41 15
45 11
48 47
50 44
3 30
3 17
10 22
17 23
26 47
26 8
27 3
44 44
50 6
12 15
13 11
20 43
37 18
40 12
50 50
2 6
2 3
11 43
14 17
25 17
25 2
38 25
42 5
6 19
11 22
12 12
17 40
27 33
36 27
37 23
40 6
49 6
9 24
35 46
45 18
11 32
12 31
13 15
14 46
15 3
22 50
27 43
31 21
31 2
45 4
14 49
18 5
19 2
25 17
30 2
45 49
45 10
46 30
49 43
4 25
6 39
6 33
7 35
10 35
12 42
13 47
18 49
23 47
33 3
37 5
39 8
48 29
50 31
3 33
17 27
19 7
21 18
22 1
26 18
32 11
35 33
37 15
46 21
8 30
27 10
39 18
41 26
43 15
45 38
2 39
13 36
15 12
31 15
33 3
45 25
2 33
9 10
24 12
26 33
26 11
30 31
34 11
34 25
41 49
41 23
46 19
49 22
50 19
3 18
13 46
14 7
27 33
32 27
32 13
39 29
13 50
18 37
19 36
49 32
3 39
18 2
24 23
29 2
44 5
49 34
3 22
15 15
20 5
21 46
26 25
29 31
4 1
28 12
46 19
49 12
10 36
18 46
19 18
20 10
35 50
39 25
39 24
42 16
48 18
49 13
15 13
21 8
31 38
34 7
39 2
41 11
41 48
41 16
41 12
45 14
50 9
50 28
2 4
17 33
19 1
44 37
1 2
6 44
11 10
17 11
19 44
20 43
22 13
29 9
40 15
46 44
4 50
9 19
23 39
28 33
31 28
49 15
49 25
8 30
22 42
24 22
26 45
28 1
32 31
35 26
39 48
3 41
16 15
19 40
32 31
38 3
45 9
48 44
49 19
2 4
15 26
27 37
43 8
44 40
45 9
12 37
18 38
20 47
23 23
25 5
26 9
37 49
41 23
42 48
47 6
11 45
13 24
27 49
28 25
33 48
47 23
3 49
6 33
10 38
11 21
38 46
1 49
3 27
4 22
8 41
9 5
10 34
25 36
26 28
37 18
41 2
29 18
31 26
31 7
31 22
43 12
18 18
26 12
32 48
37 8
37 26
40 48
41 2
42 12
44 16
50 5
4 5
6 8
9 2
10 12
22 18
29 34
33 23
40 46
44 45
46 42
46 7
47 15
3 9
6 16
8 6
10 22
10 17
19 32
26 35
31 38
45 18
46 17
1 41
7 22
9 23
10 26
10 5
13 29
15 34
20 20
25 45
32 4
45 19
45 4
45 39
1 10
10 18
12 20
22 23
30 24
31 46
33 48
35 44
42 26
45 10
46 7
48 45
12 49
13 45
15 32
15 14
21 10
23 3
25 6
28 22
34 28
43 35
1 8
21 5
21 42
22 25
31 29
39 32
43 27
11 20
19 29
21 49
25 44
27 42
29 49
37 40
47 21
49 50
8 40
17 6
18 28
49 50
1 6
29 1
1 1
1 1
8 42
8 21
10 35
28 17
43 10
48 27
50 40
50 27
9 30
16 38
19 5
20 49
22 30
25 39
33 25
40 32
41 18
48 22
50 20
4 3
9 10
25 41
30 48
50 11
7 9
21 13
34 1
36 22
38 17
38 46
2 47
10 23
15 14
27 7
32 33
41 4
48 39
48 26
5 14
9 36
9 10
12 42
17 25
18 27
19 39
26 27
26 24
26 42
33 34
38 30
44 35
5 46
7 13
10 39
15 49
19 39
26 28
33 2
36 8
39 3
42 30
49 3
3 21
18 5
21 46
26 3
37 38
37 6
39 46
42 25
6 2
11 43
24 36
33 16
48 44
50 45
4 9
8 46
11 23
15 3
21 3
21 5
28 22
35 29
47 34
49 41
1 10
8 25
10 24
10 45
22 4
32 11
20 3
30 1
33 1
35 14
43 26
47 11
6 17
37 37
25 49
28 33
30 49
35 22
38 22
43 2
44 4
49 39
1 48
16 33
24 47
29 33
30 5
31 8
31 47
32 37
43 48
45 6
48 15
48 35
49 5
6 27
9 47
11 23
16 36
16 39
22 49
30 43
31 22
43 22
44 8
47 6
37 39
44 4
47 31
50 30
13 23
14 23
26 2
35 34
44 40
1 21
3 24
22 10
23 40
24 17
31 6
34 46
36 23
40 1
47 35
50 23
50 30
13 7
18 50
19 15
20 36
24 9
24 50
32 26
47 37
7 20
8 17
17 34
22 5
23 48
28 7
38 18
40 19
41 46
45 22
46 15
48 20
5 29
15 16
21 50
41 40
43 17
46 35
4 27
11 37
12 21
13 5
23 50
25 30
29 31
30 32
1 6
10 46
15 39
25 41
32 32
35 17
36 26
43 18
4 1
11 33
14 1
21 17
25 45
25 48
32 31
45 16
46 48
49 39
50 31
50 49
3 9
7 47
8 29
10 39
20 39
24 9
35 36
46 9
4 38
16 15
19 7
22 24
31 21
33 39
10 29
11 46
12 45
18 19
22 6
29 44
30 10
38 13
41 9
46 8
3 34
3 41
14 16
30 16
43 12
49 46
14 10
35 29
40 7
47 38
7 20
13 46
26 26
27 32
33 29
38 49
44 23
45 14
10 33
12 20
12 50
19 38
21 33
23 43
24 45
25 41
32 42
45 35
46 35
49 37
6 19
7 24
10 11
23 50
28 31
28 25
35 29
42 38
43 37
45 13
48 24
50 3
2 35
9 22
31 4
47 26
32 42
40 17
24 25
28 49
39 44
3 5
3 2
5 37
5 26
6 28
9 45
18 31
26 3
32 36
36 21
39 47
40 37
49 42
50 16
8 12
11 40
11 50
17 15
31 18
39 19
42 26
43 7
45 20
46 46
48 42
48 33
50 21
2 41
5 47
5 34
10 47
11 6
13 15
17 38
21 42
23 37
32 32
37 20
46 5
50 28
1 50
1 3
5 6
10 33
14 16
29 1
34 29
37 46
37 25
48 18
3 21
5 19
11 21
18 5
31 42
39 18
6 43
8 27
10 28
12 30
14 43
23 50
23 8
28 17
30 35
2 17
20 28
21 40
29 11
31 43
33 43
35 15
36 34
47 15
5 21
7 34
8 38
12 10
26 5
33 23
38 24
44 27
2 42
4 35
5 36
7 20
10 15
13 17
20 1
20 31
23 14
26 45
28 25
32 33
44 33
47 33
49 49
2 3
3 42
6 8
13 40
19 26
19 12
21 4
23 13
42 27
47 31
2 49
3 7
5 5
5 20
7 43
12 38
15 16
17 27
20 9
23 20
8 10
11 45
11 14
16 42
20 26
26 49
28 48
29 36
11 39
17 12
19 1
19 35
43 48
48 38
8 26
11 38
13 8
14 44
22 8
27 37
28 39
30 48
31 1
46 10
8 43
9 10
9 44
15 42
19 9
28 22
34 10
34 21
39 22
47 10
5 22
17 7
21 24
25 8
27 15
30 16
32 26
39 50
44 44
6 35
9 50
12 28
29 1
35 3
42 8
46 26
47 3
47 28
11 10
11 41
11 29
16 34
20 20
23 10
40 16
40 28
49 20
5 42
8 26
11 34
12 7
25 24
28 36
31 43
38 4
38 29
47 47
49 48
2 23
4 21
10 37
14 50
16 45
33 26
12 22
22 33
23 22
27 10
31 17
32 50
39 45
40 21
44 1
4 20
8 1
12 32
24 43
26 49
35 43
35 40
37 46
43 24
8 5
9 6
18 47
22 43
22 15
27 24
32 46
32 33
32 33
43 15
1 9
6 36
13 21
44 12
49 14
6 39
12 30
12 39
20 44
24 2
43 22
44 49
46 44
48 33
1 12
2 3
11 3
24 25
30 34
32 42
35 47
44 46
45 24
3 2
22 8
29 20
32 46
39 27
40 22
46 4
28 3
28 28
32 31
50 33
6 24
11 6
13 23
17 8
36 22
39 18
39 2
12 4
13 15
15 35
18 17
21 26
34 11
34 2
40 9
42 47
43 3
50 20
5 45
15 47
20 30
22 9
23 18
28 7
39 27
3 45
12 30
31 33
37 34
48 50
20 49
21 49
26 45
36 24
36 17
41 40
45 50
45 40
50 37
8 47
10 32
17 49
21 18
23 36
26 28
33 50
46 44
4 48
8 11
10 29
20 21
21 10
30 23
35 37
2 10
9 12
10 48
17 27
18 19
30 17
34 30
42 30
45 12
2 15
19 32
37 43
38 4
44 26
44 34
45 50
46 37
47 44
1 11
7 33
21 41
42 32
7 43
9 15
10 22
19 38
39 36
44 49
48 22
1 41
14 7
21 1
29 47
33 44
40 39
11 10
14 15
26 39
28 44
29 18
35 42
40 48
42 30
48 18
49 33
30 30
37 39
37 41
1 23
3 38
6 7
7 42
16 38
22 3
26 25
27 27
28 33
29 28
47 31
22 26
25 9
27 28
28 36
35 13
35 28
38 6
46 43
50 34
2 1
3 39
8 16
9 32
20 49
20 38
39 18
42 28
46 30
6 14
12 36
16 32
24 3
36 34
41 48
43 38
45 42
46 36
49 24
17 48
21 20
24 14
25 10
32 19
36 22
38 26
50 32
50 37
20 26
22 40
24 7
27 17
37 45
38 18
45 13
2 45
17 44
18 21
18 19
23 36
28 7
29 3
31 10
35 3
42 23
43 20
45 4
45 33
5 25
5 24
8 43
20 8
22 17
27 50
37 22
40 30
50 49
1 36
19 39
21 40
28 40
36 23
50 1
1 32
16 30
20 4
22 33
26 25
33 38
38 38
46 40
47 16
3 2
3 17
6 16
7 28
9 14
11 27
17 37
19 21
26 15
20 47
21 40
21 18
26 22
26 21
50 44
15 41
27 9
30 35
36 16
36 6
41 6
44 16
50 50
8 38
10 6
10 46
16 4
16 35
25 32
28 27
43 35
49 37
49 33
50 36
3 24
12 42
13 48
18 20
23 42
25 49
25 26
28 49
43 39
5 15
25 5
32 35
46 43
50 50
10 42
13 38
23 28
29 24
33 30
34 40
35 35
40 9
43 23
47 44
49 7
1 30
1 5
4 37
11 22
15 7
35 28
41 11
6 5
13 31
18 7
35 41
38 48
42 48
44 50
44 4
45 29
46 33
7 26
9 23
30 33
36 10
42 8
45 21
1 8
39 24
41 48
3 12
25 9
31 35
34 14
35 3
37 18
39 5
39 24
39 20
46 42
3 28
11 35
19 28
22 18
24 10
2 50
9 30
21 49
28 41
31 47
36 49
46 30
1 32
15 16
19 47
26 10
29 19
34 35
41 5
43 20
44 40
47 38
4 9
8 49
17 13
18 29
24 21
27 5
42 13
45 21
50 5
1 8
4 5
6 28
24 33
37 48
37 1
38 16
41 41
44 13
48 50
19 13
37 31
45 41
45 8
15 28
18 9
21 18
26 48
29 41
41 32
44 20
12 33
12 21
22 5
29 24
42 28
47 32
49 34
1 26
7 44
14 1
19 10
25 12
26 13
28 39
35 8
6 38
11 4
20 37
21 47
27 16
3 41
30 11
34 23
39 30
39 4
44 50
45 18
48 48
7 13
15 33
17 32
36 49
39 10
40 3
40 15
43 15
44 26
47 7
2 50
7 39
11 36
13 11
21 17
26 19
32 5
33 27
44 50
48 33
9 6
13 49
15 11
20 23
27 37
35 8
36 22
36 39
4 4
11 8
13 41
15 37
18 37
26 27
30 16
43 31
48 23
49 9
49 6
6 10
13 16
33 41
37 7
38 11
38 32
2 36
14 5
19 46
34 10
40 23
8 4
10 27
19 36
20 24
28 40
35 18
43 23
49 49
7 43
12 24
21 10
24 30
26 26
34 32
44 50
46 9
2 13
9 14
11 8
19 33
21 32
23 6
33 10
38 3
41 15
47 16
50 33
2 24
12 41
21 43
23 4
27 43
32 42
40 30
4 41
5 17
10 22
16 23
26 43
44 23
8 44
8 36
13 5
18 1
18 19
24 47
34 18
38 28
38 40
3 3
17 38
22 32
23 6
34 20
36 13
2 15
7 42
12 16
15 25
19 44
22 49
34 18
34 11
47 17
11 19
20 50
27 46
41 44
44 20
5 2
12 14
19 38
22 1
24 26
46 25
3 47
4 44
18 30
32 9
33 7
45 20
46 12
47 23
48 36
8 19
12 18
16 6
24 34
40 45
10 7
17 49
26 30
27 17
40 36
42 4
49 50
2 23
5 4
8 17
8 33
10 12
25 49
34 42
38 14
40 21
44 15
49 50
5 6
6 35
9 20
14 40
22 36
29 36
31 20
32 36
34 28
34 49
48 44
50 24
17 9
23 35
25 26
26 31
28 8
36 2
37 21
46 44
46 23
6 38
6 29
12 38
15 28
16 6
21 34
23 44
25 28
35 47
10 48
12 20
14 34
38 5
3 47
4 39
6 13
14 42
24 45
37 9
42 45
43 25
3 42
5 43
35 50
42 1
43 26
44 47
50 20
50 2
17 12
18 37
28 46
30 39
32 38
43 42
48 13
4 35
4 8
11 30
11 4
18 8
19 50
23 25
41 37
50 5
3 3
4 13
24 47
31 20
34 40
42 37
1 30
8 45
9 50
10 48
21 2
31 11
37 28
43 39
48 22
2 16
29 13
29 12
40 49
41 43
46 10
1 45
17 35
20 44
20 1
24 13
37 42
47 40
48 4
49 20
9 43
9 2
22 16
24 21
27 8
32 24
36 32
49 45
49 36
13 49
16 47
22 21
27 10
29 43
30 2
33 41
36 46
3 24
8 42
16 2
24 49
29 41
30 10
37 46
43 13
20 10
21 3
22 34
22 1
23 45
26 25
31 4
35 17
36 49
8 14
32 14
40 33
44 39
19 21
32 24
38 13
42 10
1 10
10 12
11 19
17 46
19 12
26 10
32 31
37 49
39 24
41 24
47 19
48 31
49 39
3 31
3 18
12 42
16 19
8 30
12 38
13 10
19 32
30 21
32 28
21 1
37 4
39 28
16 40
23 34
40 34
43 41
5 48
6 18
7 41
13 7
13 23
20 37
49 15
4 47
6 34
12 45
20 43
21 45
37 2
3 28
7 21
24 26
28 40
40 22
45 30
50 18
3 21
22 23
24 27
26 7
34 34
40 36
42 22
48 46
50 23
9 2
16 27
25 6
30 26
35 24
45 33
48 5
49 50
4 37
7 40
11 15
20 7
29 41
40 13
46 26
5 32
5 24
8 42
19 28
36 3
49 38
1 38
6 19
11 18
14 50
19 41
29 27
36 40
38 36
10 42
21 35
38 35
44 4
26 24
30 23
32 35
1 23
2 33
10 29
13 13
17 12
29 5
31 9
32 24
32 27
33 9
41 38
45 2
46 15
47 19
11 36
12 24
29 25
33 48
43 11
46 36
48 2
50 45
6 48
27 33
27 2
31 29
35 32
41 17
46 41
48 30
1 37
3 34
28 24
44 45
45 23
3 9
18 4
23 28
29 42
33 36
36 13
37 44
39 28
41 24
47 27
8 32
13 27
18 34
25 6
31 4
36 45
2 12
7 16
17 42
29 14
43 2
1 35
18 41
21 11
28 13
30 49
32 45
34 15
38 9
41 24
42 48
45 49
47 38
7 23
9 25
13 48
17 4
22 19
31 22
32 6
33 16
40 44
47 26
5 10
9 40
10 47
18 24
19 46
27 23
35 26
36 27
36 32
36 9
13 39
43 24
9 7
9 43
20 47
21 47
29 26
33 3
35 39
36 17
38 31
39 5
5 11
9 28
10 1
13 46
24 14
25 43
28 44
32 44
34 5
7 18
17 22
18 19
22 16
24 24
24 21
25 50
30 15
33 29
42 2
46 40
46 49
49 38
5 4
8 14
31 41
32 38
34 32
35 39
39 45
2 41
6 17
7 4
8 16
14 37
23 15
27 31
35 30
41 15
2 49
13 11
22 43
25 6
26 38
31 6
36 48
45 17
4 38
6 5
11 4
11 44
17 13
24 27
36 50
48 5
3 31
4 46
12 6
20 35
30 44
36 9
38 43
46 2
49 4
10 10
11 12
19 6
29 25
29 21
30 46
34 28
36 8
36 43
44 10
45 47
47 28
48 11
50 12
9 15
25 22
38 34
49 19
19 37
43 29
43 10
45 2
8 30
14 2
21 9
33 16
39 16
20 24
23 20
24 25
25 37
30 4
39 27
44 21
5 26
50 12
1 21
7 27
11 27
17 46
31 43
39 40
43 21
44 20
8 23
14 14
23 37
23 3
30 3
10 25
20 48
41 34
45 10
45 36
2 40
3 2
5 31
9 43
10 33
12 23
24 44
26 1
36 25
37 38
40 28
1 20
11 11
18 36
20 15
27 2
30 48
31 21
31 2
32 6
41 17
47 3
50 32
9 11
11 25
11 24
25 34
32 7
33 49
39 23
46 16
48 29
4 43
10 38
13 22
14 36
27 21
27 36
31 8
2 46
4 4
11 43
17 29
23 34
31 18
33 35
44 2
6 1
17 20
21 7
38 14
1 15
15 43
16 3
27 23
29 23
30 18
36 35
38 26
3 7
28 10
36 32
38 27
48 22
48 42
2 11
7 15
16 2
21 16
39 1
39 15
44 42
6 13
10 42
13 41
18 47
30 25
31 36
40 40
1 47
7 40
8 3
8 39
24 45
25 37
34 4
49 40
2 34
2 42
6 11
8 48
10 2
12 40
14 9
30 12
34 15
41 36
48 26
4 27
9 41
15 27
20 45
28 10
33 44
34 44
37 24
37 42
38 50
42 38
45 19
7 35
15 26
16 9
19 21
20 44
21 8
21 9
22 43
25 40
33 25
34 35
40 49
45 49
47 14
47 37
48 44
49 12
3 26
21 37
35 23
2 41
6 46
13 22
28 24
32 39
35 39
36 18
42 2
42 29
45 18
11 17
12 18
14 5
24 3
40 43
42 37
45 16
48 46
50 9
6 5
7 19
8 37
26 31
27 27
29 5
31 38
43 12
16 17
16 45
20 16
23 34
42 2
47 27
49 3
5 31
5 40
19 43
27 7
33 6
49 23
18 18
20 19
22 34
29 15
39 22
40 32
45 30
3 12
7 6
13 44
13 40
17 48
19 42
22 27
23 7
32 41
38 38
44 42
7 13
15 37
22 35
27 26
31 39
35 29
40 18
43 26
44 10
9 36
10 39
11 39
31 23
36 3
38 50
48 17
1 26
15 14
22 16
26 27
32 48
39 5
39 8
1 18
4 22
6 37
17 11
22 32
26 2
29 21
11 31
11 18
15 34
16 30
20 37
22 48
22 45
32 5
40 22
43 10
1 19
2 45
10 30
29 15
44 19
1 23
5 2
9 33
11 21
19 6
22 21
30 24
34 27
36 19
39 20
41 22
42 15
10 8
17 33
17 8
25 50
31 17
32 31
35 27
41 42
43 2
48 27
50 6
5 2
22 8
24 25
29 49
40 23
43 49
47 27
1 37
7 13
8 42
9 20
17 40
27 33
35 16
2 40
8 19
16 41
22 25
22 29
50 3
7 23
8 18
18 19
20 16
29 21
35 46
1 8
4 16
5 1
22 32
29 9
32 16
44 21
50 27
16 9
28 2
29 49
32 32
36 23
45 16
45 18
45 50
7 10
14 24
15 35
18 4
21 18
42 34
43 40
46 29
8 2
9 43
12 13
13 20
15 37
16 33
19 42
20 13
42 42
50 4
15 28
16 18
33 47
39 11
39 27
48 20
4 37
13 48
20 3
27 30
37 13
39 7
41 32
42 18
45 42
3 41
5 50
5 31
7 37
23 38
39 29
41 29
43 50
44 28
48 39
48 13
48 39
50 30
15 46
29 32
36 7
41 2
6 36
12 25
12 37
43 34
49 20
9 37
10 7
17 26
26 42
35 37
40 13
10 16
10 14
13 14
13 36
15 22
15 23
32 11
38 20
40 34
16 30
16 35
18 49
30 24
35 16
44 9
45 43
45 37
49 26
7 48
11 37
45 40
47 6
6 41
19 28
27 37
40 42
42 3
43 22
3 26
10 29
16 7
23 16
25 11
41 45
2 30
9 46
12 40
13 19
13 50
14 8
16 35
25 13
27 41
27 50
27 45
28 28
30 36
31 31
35 8
41 33
3 43
5 49
6 34
10 10
12 16
14 34
22 47
24 48
27 29
32 17
37 3
40 11
44 40
20 7
22 13
23 35
28 8
35 27
37 6
45 5
8 29
24 8
30 41
34 22
42 38
46 19
3 42
7 5
9 20
16 8
17 40
32 11
6 15
15 9
19 6
23 21
29 41
31 45
34 11
44 44
7 39
11 7
19 29
20 34
22 32
23 43
25 21
31 17
36 43
42 13
42 21
47 33
5 28
10 14
19 25
27 4
29 20
29 39
31 45
39 12
41 38
43 45
48 31
5 41
8 44
10 45
21 6
26 46
29 24
29 27
32 41
50 33
13 13
15 38
16 31
19 12
27 46
30 1
33 39
37 14
45 49
47 29
4 19
15 15
27 33
43 15
45 42
49 7
33 48
41 21
50 50
8 13
10 17
11 36
20 12
23 15
31 28
38 6
49 26
1 13
4 48
6 20
7 9
17 26
24 10
34 24
38 28
39 5
42 14
47 14
10 21
15 31
29 6
31 35
32 24
41 24
43 42
1 24
2 10
6 13
7 33
7 40
10 37
17 32
20 14
39 23
48 40
49 48
50 3
5 41
14 40
23 24
30 15
33 4
39 42
41 32
42 12
43 4
44 36
46 6
47 28
6 30
7 11
10 26
8 20
15 34
20 5
21 19
23 38
24 27
25 39
26 12
29 39
31 13
34 13
46 50
5 46
9 47
10 2
26 50
38 3
44 26
1 26
8 1
10 19
24 17
31 1
50 44
50 44
3 1
6 40
8 21
18 29
23 20
24 10
5 23
9 45
12 23
16 18
25 46
33 39
38 5
41 19
41 8
46 36
6 48
7 35
25 49
43 5
49 37
6 12
13 23
14 49
17 11
24 18
40 15
2 15
5 49
5 11
18 13
26 9
30 27
35 47
40 11
7 37
25 50
33 13
46 28
7 20
28 8
29 26
35 34
43 34
7 27
11 15
18 47
26 25
29 16
34 35
37 39
40 26
44 42
45 2
2 2
3 17
7 11
14 37
14 28
28 46
34 33
38 41
39 8
9 39
25 50
32 36
33 21
35 20
50 48
2 24
9 26
19 19
26 26
34 17
36 18
38 21
39 14
47 41
12 11
18 24
31 40
32 23
35 10
37 29
38 44
41 7
45 8
5 22
14 40
18 19
22 2
22 36
25 27
30 15
30 42
31 24
33 23
36 7
39 26
40 36
42 25
43 38
43 16
11 22
17 20
18 26
21 31
30 16
36 2
37 12
38 37
42 23
45 39
47 34
47 22
3 24
18 44
20 28
48 13
10 31
29 42
48 3
15 47
42 30
46 37
47 49
50 48
8 29
13 50
20 10
28 32
35 46
38 37
46 7
3 43
5 23
7 1
9 8
18 1
20 20
26 38
39 21
48 21
4 4
11 9
14 40
29 16
49 41
49 5
50 47
1 30
6 18
7 45
8 34
16 37
26 25
32 3
34 12
35 20
39 20
42 12
43 45
2 15
5 19
11 40
14 17
16 21
17 16
23 50
36 37
48 47
49 27
5 17
10 1
22 6
27 22
36 10
42 49
50 33
2 19
5 28
5 33
10 12
15 11
16 42
22 27
25 8
26 5
32 25
41 43
42 5
49 30
17 25
27 21
28 25
35 18
38 1
39 2
43 14
48 18
50 15
2 17
4 40
19 10
20 40
46 17
48 50
50 50
9 7
12 50
12 24
23 3
27 50
32 26
36 37
50 19
7 22
9 47
10 12
24 8
28 18
38 42
39 23
42 34
46 11
2 24
4 8
17 42
23 35
23 22
27 37
31 24
6 13
8 21
9 1
10 25
13 45
19 47
21 32
32 40
39 48
47 46
49 50
15 26
20 49
20 21
26 5
34 31
34 2
40 8
41 49
42 18
47 36
2 10
14 14
23 5
23 11
26 49
32 46
36 2
44 26
46 32
24 45
32 5
1 47
4 27
10 27
11 17
16 24
34 46
35 7
40 17
40 23
42 24
11 1
11 25
14 3
16 8
18 11
20 21
20 29
20 43
26 37
31 14
35 16
39 47
42 3
43 44
49 48
1 29
12 3
14 22
21 16
21 41
24 16
32 23
32 45
33 29
34 47
46 9
4 24
5 23
11 48
14 46
23 38
27 41
29 46
36 23
42 43
42 47
2 50
5 42
10 40
20 24
27 41
31 39
34 23
2 12
13 40
21 46
24 5
25 3
25 7
26 19
28 16
37 36
47 3
15 17
16 29
19 21
27 5
35 27
39 5
49 42
9 36
20 38
21 38
23 4
26 17
38 41
45 22
49 18
1 50
12 22
19 15
24 15
28 29
40 41
7 8
21 37
29 20
31 3
22 35
25 11
31 15
35 29
36 15
38 8
45 2
46 48
49 36
7 21
16 25
50 40
2 34
6 21
7 27
10 31
10 49
13 46
17 50
25 7
25 46
26 43
40 16
8 14
14 32
23 9
34 48
35 9
13 3
17 49
42 30
2 40
2 49
29 41
31 21
34 14
38 38
39 13
47 25
2 37
9 21
16 1
39 1
40 31
43 32
50 47
50 50
11 39
16 40
25 41
31 40
33 12
37 15
41 17
45 44
33 41
34 13
36 41
36 22
37 16
43 46
44 46
47 13
5 15
9 14
24 29
26 13
2 4
4 33
22 29
33 41
5 1
22 8
33 43
39 1
50 44
3 35
3 5
5 42
8 44
10 41
11 5
11 25
20 23
21 5
25 17
29 15
31 21
33 50
37 17
40 36
44 21
8 40
13 20
15 21
16 9
21 38
29 23
29 47
41 23
50 34
8 17
9 50
20 36
29 40
35 17
41 48
9 10
20 26
27 42
29 23
31 39
36 32
37 15
41 2
47 37
2 34
4 8
16 21
24 18
29 3
40 41
44 24
45 9
3 17
3 2
12 26
13 1
21 49
22 47
23 46
33 2
36 42
44 8
46 45
11 43
31 19
45 12
4 7
7 13
10 46
10 37
12 32
13 5
16 47
30 40
35 42
37 23
43 28
13 20
17 22
23 14
23 16
26 10
32 48
34 39
36 32
38 8
44 48
46 46
47 48
3 22
5 16
15 21
34 38
41 24
46 13
4 27
13 32
17 22
20 25
22 36
26 12
37 8
37 4
38 50
40 27
42 1
50 49
18 24
20 32
29 18
41 44
44 35
46 8
46 4
1 41
4 13
9 13
27 48
30 36
36 38
37 10
41 36
4 6
6 27
13 16
16 49
20 15
25 5
30 40
32 49
33 34
42 17
42 40
4 5
20 45
22 30
23 34
26 9
26 24
31 28
31 17
38 30
10 18
10 20
14 12
17 45
24 26
39 47
50 36
14 39
16 42
16 25
23 14
40 10
43 28
49 28
3 22
15 39
17 36
18 10
28 41
38 49
41 45
48 35
3 25
10 13
16 42
23 35
34 34
12 12
17 7
24 5
33 4
47 48
48 45
4 17
6 31
10 35
13 22
20 45
21 43
32 31
33 35
4 36
7 20
27 20
34 32
3 41
8 48
12 15
15 9
39 30
41 38
48 7
2 15
7 21
37 38
5 42
11 31
37 26
50 11
5 44
16 13
17 47
19 15
33 45
34 37
41 31
44 33
45 19
45 7
6 40
7 9
7 34
19 13
28 23
30 26
35 48
36 46
37 15
50 16
13 38
19 5
23 22
26 25
29 2
46 32
48 35
1 19
7 5
13 6
18 9
22 45
23 9
29 31
33 8
34 30
35 50
43 42
44 18
46 21
47 50
47 50
7 50
7 25
17 5
17 12
26 12
28 8
29 1
31 2
35 3
44 9
2 13
4 46
4 49
5 35
9 4
13 3
13 26
15 48
21 45
30 12
31 36
43 2
5 26
6 45
12 4
14 20
16 9
31 37
19 34
29 33
39 45
40 14
44 23
45 35
47 2
50 3
21 4
22 1
27 6
39 47
19 3
21 3
39 31
42 22
49 9
2 34
7 32
8 32
17 47
25 6
40 31
45 49
50 15
3 18
8 28
11 23
11 22
18 47
19 33
27 9
30 46
38 11
43 41
46 37
47 20
48 11
3 1
4 46
5 38
6 27
19 2
23 49
29 7
30 43
32 9
36 6
37 37
38 6
38 36
42 9
49 45
7 34
9 11
12 6
14 6
22 21
24 12
25 46
33 20
39 37
40 32
47 42
2 8
3 29
4 13
6 12
7 18
8 37
11 17
13 31
27 45
28 4
34 28
38 10
41 17
5 33
49 39
50 45
2 36
5 20
18 6
30 45
8 8
11 10
17 27
24 42
40 24
41 6
13 33
23 44
29 14
30 13
33 42
38 32
40 41
4 9
4 3
8 1
11 36
16 50
37 11
37 41
39 37
47 18
6 31
9 2
10 34
21 9
28 41
30 23
39 35
2 6
2 42
7 22
8 8
9 39
10 25
13 4
13 36
22 22
25 37
27 25
33 50
37 37
38 31
40 46
45 17
47 3
21 38
23 49
28 46
39 44
42 6
38 25
47 24
50 49
3 45
5 7
10 27
13 38
14 48
25 5
28 9
29 36
31 31
47 27
7 23
21 1
21 36
27 40
36 21
36 7
43 44
43 45
44 30
6 1
13 9
21 35
28 46
32 46
36 33
39 18
42 48
43 24
44 1
44 45
48 7
49 5
1 13
3 2
10 24
16 41
20 18
23 1
34 41
48 46
7 37
17 8
20 32
21 1
36 20
5 1
26 22
26 41
37 10
49 49
49 39
1 37
2 31
3 6
9 35
11 8
23 22
31 15
34 10
40 13
43 4
44 26
48 14
2 1
6 28
16 46
19 9
34 4
34 29
34 21
41 13
49 19
3 2
12 50
13 23
18 36
23 48
24 40
25 27
26 31
34 1
40 36
42 21
44 18
45 34
50 44
12 25
13 35
16 22
19 43
42 13
33 3
34 2
35 35
38 41
42 19
49 1
3 48
15 8
21 5
25 29
31 24
37 42
38 31
43 17
47 32
4 37
19 3
20 36
31 19
35 50
39 34
40 18
2 31
21 16
30 11
31 44
41 15
46 20
49 41
6 13
8 7
9 42
11 25
20 14
24 46
37 13
41 4
42 22
43 13
48 44
5 26
7 3
20 41
20 34
21 1
41 8
43 1
10 39
22 8
45 3
13 33
28 5
34 21
48 13
50 21
14 20
21 21
23 35
31 26
32 37
34 47
34 28
43 20
47 39
47 16
9 47
17 37
17 11
33 33
45 40
48 28
5 28
12 15
17 46
19 13
25 16
28 19
32 2
13 38
13 7
29 23
31 28
33 3
35 31
41 8
43 22
47 46
50 45
50 19
13 46
24 40
26 4
26 11
27 40
37 1
45 31
2 32
3 50
8 37
22 15
24 36
33 40
37 1
38 17
38 11
50 7
5 33
10 12
11 26
21 42
47 35
7 10
13 12
31 47
34 2
34 2
40 13
49 27
2 11
2 49
5 48
6 14
9 4
31 44
32 31
33 43
39 32
49 49
17 9
23 20
30 35
33 35
38 23
48 25
48 16
3 32
4 4
5 21
33 46
38 35
3 27
19 14
26 5
40 6
45 10
3 49
3 50
9 44
9 45
20 18
22 50
22 30
26 46
28 29
30 37
50 17
9 37
11 22
31 39
38 4
38 46
39 2
41 46
6 48
19 18
22 40
32 6
36 47
50 27
12 24
14 36
14 18
19 31
25 40
32 9
35 33
42 15
42 8
1 27
17 35
31 23
38 42
43 4
46 18
46 29
7 16
10 1
16 47
19 45
21 3
27 20
33 12
34 21
40 49
41 46
42 34
2 23
6 15
14 14
18 21
21 12
39 26
1 23
1 7
8 19
10 47
15 32
15 32
17 46
33 38
33 48
37 29
41 4
41 46
44 24
45 21
2 30
10 5
13 30
17 44
18 17
22 45
23 7
24 31
29 31
44 15
47 4
48 27
3 30
8 46
17 3
19 5
29 1
38 31
7 16
16 27
31 11
38 30
40 21
42 30
43 7
43 48
48 8
23 2
24 20
27 29
29 9
38 1
39 37
12 33
16 22
23 30
40 47
40 6
45 27
48 17
49 18
50 31
11 43
25 35
29 22
31 37
37 4
38 9
42 42
42 30
11 7
17 20
20 17
21 33
24 30
32 8
42 43
43 2
49 49
14 47
21 1
25 21
17 12
23 4
27 25
28 45
30 32
50 37
7 32
18 25
21 47
28 9
32 26
32 33
43 31
50 30
50 32
7 38
15 29
32 11
47 26
49 50
9 23
13 50
15 8
20 44
35 19
38 2
46 49
50 2
6 50
6 12
7 16
7 9
27 12
31 2
39 34
40 32
7 23
8 45
9 13
17 48
29 38
46 27
7 45
8 50
8 31
14 14
17 23
32 31
37 32
39 41
43 15
46 16
38 4
3 22
16 41
20 23
21 40
23 20
27 49
28 44
35 23
47 33
1 23
3 7
7 43
20 45
30 18
30 3
31 3
37 22
37 37
42 35
47 25
50 6
2 46
9 46
15 38
22 44
22 24
23 18
26 27
37 50
39 14
3 25
5 7
10 9
14 32
15 14
15 4
17 36
25 28
26 26
38 9
41 19
49 21
4 3
4 9
5 42
10 47
17 20
29 25
31 16
31 8
36 35
39 42
39 40
46 27
4 6
10 45
11 30
16 10
18 29
18 17
22 35
23 26
25 46
30 44
47 34
2 26
8 24
13 10
15 30
19 46
26 27
35 38
47 19
11 12
14 13
49 10
49 46
18 11
19 50
21 30
41 7
41 22
44 28
44 10
50 32
5 17
16 48
17 7
18 18
18 9
22 19
23 37
32 22
45 10
50 37
5 39
7 26
11 35
34 6
49 15
49 17
4 4
6 48
8 8
10 41
23 49
23 35
29 19
30 38
31 41
32 32
35 12
40 44
9 39
10 28
13 13
15 18
22 50
30 26
35 30
45 12
4 17
9 26
18 49
18 19
18 39
23 42
24 12
29 37
38 30
47 43
50 33
50 44
2 48
20 21
28 19
29 39
31 18
37 22
45 12
2 18
5 33
17 42
37 31
50 3
14 21
18 17
19 41
21 47
26 2
28 50
45 40
46 17
48 39
7 35
27 5
37 33
44 40
45 38
47 28
50 22
3 29
5 44
11 27
13 25
17 43
22 47
23 3
26 27
27 30
1 29
4 25
4 31
9 33
25 1
34 36
35 8
5 34
22 35
28 34
33 27
7 25
10 4
14 18
15 37
17 21
19 36
28 47
41 14
49 21
2 9
3 12
5 1
14 11
16 48
24 22
36 6
38 35
39 20
3 31
26 41
28 3
32 30
33 13
35 47
23 2
26 25
27 49
27 46
39 50
45 27
46 46
46 43
3 44
4 3
7 15
7 34
9 15
11 16
15 40
41 7
42 47
43 24
47 16
3 42
6 6
11 22
12 5
14 27
35 36
37 37
41 25
42 24
43 13
45 8
7 6
18 33
20 31
23 8
25 16
42 16
44 45
50 26
9 5
33 16
43 36
1 8
5 31
7 45
9 35
10 50
21 43
22 41
43 27
49 14
13 36
27 21
28 33
30 16
31 25
31 34
33 12
37 26
39 35
42 27
49 48
10 19
14 30
17 19
21 43
23 10
29 3
36 11
47 50
48 23
9 28
14 32
17 50
31 18
34 43
38 12
39 40
40 39
41 22
44 28
47 6
7 22
12 15
13 37
14 29
15 16
16 12
18 26
21 33
28 8
42 7
44 33
2 31
18 10
22 42
33 34
49 49
24 16
39 10
40 35
1 21
4 46
11 41
25 37
32 32
36 26
37 46
39 18
46 17
12 22
26 9
29 44
31 8
33 39
34 35
39 44
43 23
45 5
46 16
7 32
14 29
21 21
27 26
31 42
35 30
46 28
49 8
2 48
12 29
18 36
21 11
25 8
26 5
26 19
31 32
36 28
49 49
6 13
21 43
22 22
45 31
5 48
7 18
15 1
22 4
27 19
30 2
2 3
3 3
16 43
18 18
40 16
42 47
16 6
23 12
34 29
37 15
39 39
4 7
20 15
21 6
23 36
23 47
23 14
24 25
30 4
31 28
43 50
45 50
46 18
8 44
16 31
24 4
27 42
33 50
36 13
40 10
46 47
15 24
20 41
22 40
25 34
32 33
35 20
35 40
38 50
39 50
41 48
44 23
49 18
14 12
16 48
24 50
31 17
36 25
42 5
43 21
48 42
49 35
2 9
13 31
23 36
40 23
43 19
44 2
49 40
49 21
50 18
1 45
6 19
11 19
12 23
34 48
38 46
42 18
45 39
16 19
17 17
26 4
30 8
32 39
34 23
36 14
36 29
43 15
45 49
49 44
2 30
8 10
9 9
16 46
25 38
26 1
30 40
31 21
39 7
39 11
39 49
1 22
13 46
13 49
17 19
31 11
35 41
35 21
46 41
49 44
4 5
13 35
19 21
30 18
50 46
50 6
3 28
17 11
22 40
23 24
24 12
2 16
6 27
5 11
8 29
13 10
22 26
22 12
34 28
43 19
43 8
44 37
47 41
8 28
15 14
18 3
26 27
26 13
28 33
32 6
38 36
16 31
25 17
28 4
30 48
32 39
35 32
42 25
47 32
7 33
7 13
8 13
10 16
13 12
24 36
28 25
28 46
30 7
32 35
37 32
43 24
44 36
44 50
45 14
5 7
7 3
27 37
37 18
39 6
12 2
14 34
18 13
20 29
42 33
42 39
6 28
11 25
13 8
20 41
23 46
31 16
35 37
45 10
47 3
10 20
12 12
21 48
24 33
26 49
31 22
43 34
43 27
50 21
1 28
10 5
13 9
24 42
25 41
28 5
43 43
18 18
20 11
21 25
29 22
29 2
37 3
38 6
43 1
44 36
47 24
6 43
12 35
21 12
36 18
1 38
1 1
4 40
5 25
9 7
23 25
25 17
32 25
33 21
41 7
41 27
48 14
7 42
10 16
15 15
31 4
39 31
45 9
5 20
13 37
17 41
29 21
45 26
45 44
4 4
10 20
24 19
27 29
32 32
43 26
2 26
4 48
7 20
12 47
31 40
34 37
35 20
36 31
41 12
45 49
1 6
6 32
7 1
13 15
25 21
34 31
50 34
30 2
32 20
40 38
41 41
1 41
9 14
11 21
21 34
33 38
36 43
47 37
25 32
29 27
30 40
35 30
37 5
45 5
7 30
10 48
14 41
32 37
32 31
40 7
47 9
1 39
7 18
7 28
12 22
15 43
46 31
6 6
7 49
8 12
11 16
18 32
26 41
36 37
43 50
4 14
5 9
14 15
18 43
34 33
40 47
8 39
8 12
12 28
12 14
27 20
30 41
45 46
46 31
18 31
21 34
31 21
41 1
50 6
3 7
3 31
11 14
20 42
26 32
30 30
32 32
50 36
3 50
5 49
8 1
9 13
30 27
35 39
37 39
42 1
50 16
1 4
1 24
12 50
15 6
35 5
40 27
41 13
2 1
4 30
11 16
21 24
48 43
13 26
14 14
25 1
29 16
29 35
37 5
37 10
42 5
3 35
5 29
28 46
32 31
36 49
37 10
4 4
5 32
13 14
17 13
18 16
21 14
27 27
28 23
31 26
33 4
40 31
2 5
3 2
4 27
9 17
10 4
28 25
30 23
32 35
47 45
50 10
4 14
12 1
19 38
30 17
32 2
45 11
46 36
1 24
3 38
3 21
5 32
12 24
20 30
26 27
28 11
38 19
2 15
5 26
19 38
26 44
28 47
33 47
43 35
45 10
50 27
2 25
2 17
6 36
8 20
16 31
18 17
25 21
25 10
36 13
45 25
2 14
4 5
13 28
15 4
16 47
21 7
21 6
23 44
26 13
27 18
37 37
38 29
41 48
42 47
44 48
47 15
1 36
5 36
9 22
15 12
21 4
23 18
28 41
34 49
50 21
2 7
8 22
12 30
31 39
31 35
42 32
46 7
10 2
28 14
37 31
42 17
3 36
6 27
11 28
14 22
17 41
26 18
27 35
29 12
20 36
28 18
33 36
45 42
47 8
12 3
22 2
27 31
29 24
29 20
35 34
39 43
42 40
1 13
17 3
28 18
28 14
28 9
32 40
33 19
34 46
39 10
39 13
40 27
50 29
3 43
8 14
11 2
47 25
4 15
8 48
11 15
13 46
14 45
19 26
23 1
27 45
31 40
31 14
38 22
41 22
41 32
15 19
18 48
25 33
26 19
28 7
31 43
38 29
38 35
38 3
47 11
47 33
50 6
1 31
12 13
15 50
16 26
17 14
3 47
12 38
12 17
16 22
23 26
6 46
7 30
12 49
21 47
39 15
42 38
42 18
42 36
42 21
45 2
48 23
50 21
5 13
7 10
18 47
20 50
26 42
30 24
36 31
48 23
2 19
5 8
9 38
10 48
11 19
12 27
18 18
20 20
20 7
37 25
39 2
6 42
9 36
10 18
10 23
39 48
43 17
49 12
1 5
19 4
26 9
31 3
32 28
36 10
37 19
4 50
7 25
11 8
27 7
34 45
37 38
8 14
13 4
13 25
20 2
38 49
41 33
9 8
10 15
15 18
30 4
35 46
43 21
44 19
8 38
16 34
18 40
31 8
33 16
33 45
41 42
42 10
45 2
50 38
2 1
7 45
7 5
12 16
22 20
30 9
31 18
32 2
33 23
33 8
42 17
43 49
4 47
11 30
15 46
16 35
33 17
33 17
33 16
36 39
37 26
41 7
42 6
17 32
20 17
23 3
24 49
31 41
38 29
39 9
40 29
2 9
7 47
8 34
14 9
18 16
21 2
27 34
35 27
41 10
41 31
45 24
6 34
21 32
24 28
25 26
26 29
28 18
31 24
38 1
39 15
40 27
40 20
45 6
47 15
47 29
48 2
50 18
12 38
13 39
25 22
28 36
29 29
45 50
2 4
5 40
13 2
16 19
17 18
24 19
35 1
40 49
45 43
5 49
7 38
21 4
33 35
34 14
18 50
24 26
34 42
35 37
41 45
45 14
45 34
47 14
28 17
33 40
49 35
4 3
6 23
8 34
39 32
42 32
30 50
38 47
8 46
9 40
12 37
31 18
44 17
46 22
48 44
9 32
31 50
31 1
36 9
37 16
39 24
43 23
48 45
50 19
5 28
8 29
9 14
16 18
18 33
18 8
28 6
30 15
31 13
31 2
36 10
49 12
50 40
24 9
26 22
30 24
48 27
2 43
4 12
14 49
21 13
22 20
25 24
5 13
9 21
11 46
20 33
28 8
39 3
47 37
7 22
17 43
27 48
27 14
33 43
38 23
40 45
2 3
5 33
9 3
18 25
19 29
26 34
27 4
36 21
39 26
41 49
44 39
47 50
9 28
10 12
12 22
14 42
31 17
37 50
38 19
49 10
1 49
5 5
5 36
12 37
12 5
21 30
23 2
28 20
33 16
39 40
40 11
41 32
44 38
6 6
14 12
34 32
37 40
47 43
47 17
9 32
15 32
21 38
23 31
27 28
28 19
40 19
16 47
32 29
34 28
36 20
36 46
36 7
39 29
40 1
44 15
1 28
1 43
9 4
18 43
22 20
34 41
38 11
43 39
2 38
12 16
12 5
13 8
31 43
39 45
17 30
21 8
22 26
25 15
27 13
27 21
28 1
34 6
38 11
48 25
6 5
10 24
14 2
21 18
23 33
41 21
49 34
4 11
21 18
31 48
33 28
37 47
48 12
1 25
2 30
3 24
5 10
6 32
15 28
15 40
22 13
42 10
45 14
50 32
12 33
29 26
30 37
38 4
42 26
44 18
2 31
5 3
7 17
14 42
38 47
48 28
1 50
4 12
5 5
7 24
8 14
8 21
25 8
25 21
29 25
32 28
4 46
6 39
6 29
8 32
26 25
39 15
44 44