8000 
3 46
6 29
10 1
22 9
27 2
30 37
41 33
7 16
8 20
23 8
23 16
44 10
47 31
48 11
8 29
11 41
35 9
36 46
48 4
50 34
3 31
4 26
13 5
14 21
14 49
24 5
29 14
30 42
30 3
33 34
36 39
44 50
48 13
50 33
9 17
21 9
26 27
31 6
50 47
9 8
10 30
21 48
29 42
33 46
4 44
12 30
15 31
17 12
24 15
28 3
31 31
34 23
42 23
47 36
48 7
49 37
50 22
4 5
13 45
16 31
23 3
32 19
32 42
35 21
45 14
47 6
48 42
12 23
16 26
19 38
22 22
43 47
3 18
6 40
8 7
11 16
14 9
22 20
28 39
11 23
18 25
18 18
22 4
25 1
32 25
37 5
2 37
4 5
11 36
13 50
15 46
23 34
37 10
37 38
38 20
46 43
46 41
15 22
17 12
32 4
37 13
39 39
45 46
8 47
13 22
15 24
23 45
25 17
28 3
7 40
17 50
42 13
5 42
8 4
11 39
15 14
20 3
22 24
28 41
42 21
46 16
4 27
5 5
7 46
12 15
26 5
27 9
39 4
48 39
3 32
7 42
9 8
16 2
16 46
17 50
20 44
20 16
24 25
45 9
3 18
4 8
11 25
21 32
24 8
28 44
37 4
38 25
47 16
49 12
8 17
16 15
23 48
28 41
31 17
34 20
37 8
48 31
15 32
25 17
36 29
41 13
46 16
47 34
2 30
3 41
10 2
11 45
18 37
19 43
33 41
46 5
47 9
48 47
3 24
3 22
3 21
16 6
17 49
20 30
27 42
29 49
30 18
42 2
50 33
4 22
15 21
15 32
21 6
22 22
24 18
25 2
26 38
38 45
47 14
11 46
15 14
15 14
17 13
18 29
24 10
31 33
43 14
3 50
5 49
6 24
19 2
28 32
30 5
30 37
31 21
32 42
32 44
40 10
41 24
46 4
49 3
1 30
2 3
41 4
44 29
49 39
50 7
2 36
3 3
8 39
14 49
24 30
25 41
29 15
31 11
33 35
46 21
3 17
4 27
6 9
26 27
27 41
33 2
34 47
39 27
39 49
39 2
43 18
1 47
8 26
13 9
15 4
22 22
29 50
30 45
31 22
34 23
38 25
47 38
47 50
6 19
7 35
8 21
15 32
17 12
19 29
20 13
22 21
41 45
47 19
4 2
8 4
18 49
27 16
35 20
43 31
50 39
4 3
17 17
22 21
23 37
30 27
42 8
44 24
48 35
4 38
10 9
32 37
34 32
36 8
43 34
46 2
5 31
5 42
7 4
14 22
16 31
19 10
21 17
25 3
25 30
30 15
37 18
39 5
12 25
23 31
27 46
32 31
34 37
37 20
44 26
46 33
47 31
50 46
50 21
50 35
14 38
20 7
29 44
31 37
36 10
42 10
42 30
44 45
19 5
32 7
35 8
37 3
47 50
13 39
14 14
32 34
32 32
20 24
31 2
35 15
38 37
42 48
42 18
46 6
47 32
17 38
24 44
4 13
5 1
6 43
8 7
10 4
28 36
28 11
29 16
38 42
40 31
49 41
3 22
11 25
13 20
17 26
20 17
35 37
36 49
38 38
41 41
48 40
49 6
50 20
5 39
11 8
17 7
19 28
24 12
30 44
38 41
40 31
43 2
45 10
50 47
15 13
15 21
19 2
23 25
24 34
24 25
28 29
36 34
42 47
46 21
3 13
7 34
9 8
12 38
15 45
28 27
1 2
10 9
11 32
28 44
31 44
31 44
31 32
4 48
5 5
12 21
18 8
21 10
33 17
34 21
47 50
50 27
19 44
24 18
25 40
36 34
37 38
37 46
44 19
46 38
2 34
5 5
15 50
23 2
24 16
32 31
33 15
40 34
44 45
50 3
1 17
1 41
6 7
21 5
23 47
30 1
31 39
34 30
34 30
38 37
40 45
1 37
9 9
10 20
12 15
20 13
22 41
30 3
37 49
39 10
43 24
4 3
14 45
15 9
35 28
36 31
38 28
40 34
44 20
50 37
1 46
4 4
14 37
36 8
39 35
50 19
2 50
2 31
3 3
11 22
14 24
22 47
28 5
33 6
35 37
37 28
44 46
45 12
17 16
23 22
49 40
5 34
5 8
21 30
22 35
33 44
36 21
41 7
42 2
42 37
3 3
6 28
8 37
8 37
9 8
10 9
16 20
21 40
26 4
26 9
29 29
31 32
42 30
43 23
45 19
46 8
4 38
13 44
25 41
28 4
42 30
42 47
43 26
45 50
45 34
46 37
1 5
4 27
15 40
21 18
33 47
35 42
36 11
39 3
41 32
11 39
11 21
26 37
26 41
32 32
40 31
43 39
11 24
12 24
13 22
21 49
31 43
32 25
46 31
5 4
9 21
22 22
31 40
35 27
49 26
2 36
6 36
31 40
32 33
41 31
41 28
43 33
50 46
50 5
8 38
25 36
32 37
6 7
8 7
11 8
21 40
30 24
32 31
32 46
35 17
44 45
45 40
48 11
8 21
10 21
12 36
18 7
26 46
27 18
41 3
41 19
50 20
3 3
3 3
7 13
13 21
13 4
14 22
16 25
18 2
22 32
26 37
45 40
47 19
21 18
25 2
29 39
32 9
33 23
45 30
49 7
2 2
3 30
9 22
24 36
29 21
29 29
31 31
39 3
46 39
50 21
1 31
5 22
19 33
21 24
21 18
27 45
34 2
47 48
5 1
6 17
8 7
13 46
16 18
18 18
23 25
27 6
30 30
33 7
37 19
40 10
47 3
48 14
18 24
19 3
24 9
28 26
36 7
40 13
43 42
45 47
45 15
48 18
6 7
6 34
25 6
25 6
44 23
45 48
46 44
2 13
3 4
4 4
9 36
18 19
28 49
29 22
29 48
39 3
44 34
46 4
12 37
13 11
19 36
19 31
3 4
10 7
15 6
18 37
20 2
23 35
35 42
45 27
46 7
50 3
5 5
6 5
13 12
18 18
30 23
34 21
35 47
38 32
41 46
43 18
43 39
45 30
47 37
7 44
24 45
25 38
28 9
29 27
30 48
36 43
37 21
40 27
48 16
49 49
9 8
11 22
19 45
21 7
21 32
27 42
32 40
49 3
50 19
4 12
4 35
5 5
8 5
30 26
31 38
36 32
39 6
45 43
47 11
49 48
4 4
4 5
15 28
45 18
10 10
14 3
26 21
43 45
43 17
1 2
5 34
11 46
13 39
14 12
17 20
23 22
31 21
33 20
37 48
41 2
45 12
45 22
5 25
12 30
21 5
30 50
32 44
33 21
48 45
50 32
3 3
5 31
25 26
30 3
37 7
39 22
42 22
46 32
1 2
9 8
19 38
20 23
23 46
26 27
26 50
27 25
38 11
45 11
46 17
6 7
7 43
20 32
22 15
26 28
36 41
37 18
41 50
44 9
44 44
3 3
8 42
17 37
29 10
32 21
47 33
47 20
48 33
48 45
2 19
13 17
38 12
8 8
9 9
12 21
17 46
26 28
29 21
32 37
42 32
47 40
13 39
15 15
16 49
26 28
35 34
38 46
48 16
49 34
50 24
1 9
6 19
8 3
9 37
17 14
27 42
30 39
33 39
34 40
45 25
47 29
9 9
10 4
24 31
28 24
32 33
37 4
45 15
6 17
8 42
9 35
10 34
10 9
17 50
25 50
30 38
33 36
37 6
38 11
41 46
43 1
47 32
2 10
20 21
35 48
46 5
49 44
1 45
3 27
9 33
22 8
25 26
30 4
43 40
46 44
4 49
6 12
8 27
11 18
13 4
18 17
19 39
20 15
35 14
40 32
48 13
3 24
8 47
13 22
16 5
22 6
23 29
28 25
31 39
45 28
49 26
50 26
19 38
23 24
30 26
38 34
38 31
41 43
42 25
43 47
43 15
45 2
47 29
3 34
21 42
28 22
33 44
45 42
4 32
7 4
10 40
12 23
39 1
48 44
1 47
18 40
31 14
49 50
12 1
21 39
31 4
42 26
47 50
2 34
8 10
10 40
11 27
21 8
27 4
37 43
44 48
50 6
50 21
10 49
11 19
20 32
25 34
34 4
39 5
45 49
48 17
49 19
50 24
5 49
6 1
7 8
9 45
12 15
12 3
13 38
25 28
28 46
33 6
39 14
39 24
40 22
42 14
43 10
49 18
49 39
2 1
18 37
6 25
7 22
14 18
30 4
39 44
45 31
46 29
1 2
3 5
6 37
9 42
19 41
25 36
27 27
28 20
33 48
37 1
45 20
47 43
2 12
18 13
29 14
29 25
33 3
39 14
39 5
43 25
3 6
12 33
13 26
15 45
37 9
38 11
13 46
20 41
23 8
25 40
26 48
26 25
39 40
47 25
6 13
11 19
13 27
23 44
26 21
28 45
31 23
45 7
50 31
6 34
7 25
10 9
10 17
12 22
16 40
22 22
30 10
31 28
33 26
33 13
37 50
1 17
18 31
22 6
37 10
41 47
44 36
2 24
8 6
20 17
27 11
30 18
26 15
35 3
37 37
42 17
42 48
43 29
48 15
4 4
6 37
9 35
20 29
38 42
45 25
49 49
3 13
12 49
13 40
13 36
14 40
24 9
25 13
35 24
4 50
23 14
23 22
26 42
28 11
31 31
43 48
46 40
3 40
9 19
10 34
10 10
12 37
17 33
29 5
38 1
38 24
43 48
3 7
4 4
13 15
17 33
19 34
27 38
27 36
28 11
31 8
38 46
47 43
9 9
25 5
30 4
33 41
38 31
41 22
23 37
24 3
25 28
34 29
36 29
37 42
44 18
48 7
49 3
9 27
12 7
17 30
35 44
36 21
36 39
2 10
3 39
5 10
9 10
10 48
13 8
21 33
28 33
34 17
35 40
42 5
42 47
46 43
49 33
3 44
3 32
4 50
4 47
5 17
10 12
14 14
19 18
22 32
24 30
33 49
8 48
15 4
21 40
28 11
45 17
46 27
48 34
48 42
10 22
17 33
25 6
29 5
38 6
42 33
43 50
48 17
48 23
50 14
13 38
19 8
23 35
46 10
6 33
11 31
35 28
35 48
36 15
40 14
8 7
27 38
41 44
42 1
6 7
11 21
19 37
23 47
28 34
31 38
42 2
42 5
13 30
14 29
16 43
24 12
25 4
26 12
27 34
30 34
34 42
41 45
44 3
11 33
14 48
30 11
31 13
31 36
41 9
43 15
19 26
20 26
22 34
22 22
27 45
32 4
36 6
36 10
36 17
45 9
45 44
11 15
12 18
13 49
17 29
19 5
31 45
33 30
35 46
41 14
43 19
47 11
50 49
6 5
15 19
17 18
18 19
23 38
25 33
33 29
44 35
47 16
5 49
15 38
15 47
19 27
19 24
29 26
44 33
47 3
4 5
18 18
21 42
24 49
2 38
6 12
7 27
11 22
26 1
33 40
43 41
45 18
47 3
1 42
5 4
10 9
10 29
16 33
21 32
35 12
41 31
43 2
45 2
2 1
5 48
6 30
7 44
8 44
11 40
42 28
43 23
45 49
11 22
14 17
15 46
22 16
29 36
31 19
31 24
39 18
42 3
46 27
1 9
3 31
15 41
19 21
21 3
37 38
5 3
7 42
17 44
17 48
36 48
43 19
43 10
9 7
12 50
19 21
27 22
28 41
32 22
34 39
37 31
50 22
8 27
13 33
14 17
20 45
21 1
26 25
26 28
41 23
46 28
5 5
18 38
22 24
36 46
41 31
42 8
13 1
18 19
24 1
37 5
37 37
38 38
44 41
11 41
12 33
14 42
23 33
32 2
33 2
39 5
45 21
1 3
2 3
10 22
14 1
28 6
39 39
42 22
10 26
11 27
18 34
26 9
28 31
41 1
49 22
4 4
24 42
41 38
46 30
5 22
16 31
20 38
26 5
27 6
35 16
41 28
44 27
5 43
10 10
13 46
15 38
17 45
20 43
21 49
27 14
31 45
32 4
38 36
40 9
49 48
6 32
26 37
29 50
31 18
32 8
32 33
36 38
42 10
45 43
1 27
4 3
6 46
10 4
12 43
14 6
19 34
41 13
44 48
7 38
21 33
23 23
25 20
28 18
31 47
35 28
1 5
3 16
4 5
5 21
5 7
7 45
28 18
41 25
14 30
15 39
23 35
31 17
38 33
15 27
23 6
24 15
28 21
34 32
34 34
39 42
3 27
15 26
18 18
19 46
27 23
38 47
47 47
2 44
3 3
7 23
13 20
16 31
16 22
24 39
25 15
27 37
29 12
29 23
37 6
50 36
7 28
9 47
18 5
32 38
38 32
46 37
49 50
12 35
19 1
19 32
19 14
19 19
30 38
36 11
42 24
46 23
6 31
11 38
14 37
30 10
38 21
40 21
40 13
42 18
44 43
5 22
12 26
16 4
22 45
31 8
33 43
35 15
40 30
41 22
46 15
7 22
11 35
20 42
23 48
32 30
36 43
50 17
4 3
7 20
12 6
13 19
19 10
32 39
34 4
34 28
38 46
39 30
39 15
40 16
40 22
46 43
47 13
50 22
10 35
23 49
31 2
48 46
7 34
10 9
31 30
49 10
7 47
10 9
11 4
13 11
20 15
32 28
36 9
42 15
46 45
13 3
21 3
25 6
27 21
27 3
29 41
47 18
4 3
6 16
7 42
31 30
34 28
38 4
42 6
1 23
3 2
7 3
10 11
10 10
10 2
38 43
40 18
13 4
15 16
23 1
47 17
49 6
3 2
8 7
9 6
13 20
18 36
21 19
27 23
28 46
29 48
31 31
38 47
42 41
44 24
47 14
7 37
9 8
13 38
15 42
23 38
24 17
26 31
27 45
6 5
7 27
24 44
33 39
42 13
49 9
10 1
10 11
13 45
13 29
22 8
22 22
25 41
30 37
33 17
38 1
40 10
46 49
48 19
8 7
25 33
27 48
31 15
31 18
32 48
36 20
38 39
40 11
4 3
9 8
11 23
11 15
12 31
15 43
35 34
3 1
4 4
4 8
9 9
16 21
26 27
29 50
31 24
34 1
35 19
38 31
41 45
42 18
9 8
18 19
20 11
31 35
36 34
36 22
39 41
14 16
18 13
30 48
36 27
3 35
12 21
15 15
16 18
20 20
23 20
30 28
49 14
14 46
15 33
19 27
26 47
30 37
33 16
38 46
44 23
45 2
49 48
50 6
1 18
5 32
7 6
14 28
15 43
19 29
22 12
30 40
35 13
40 23
42 6
50 16
50 18
25 44
27 10
32 46
48 29
6 30
16 45
19 4
35 17
49 24
9 50
14 44
17 12
21 1
22 29
3 10
6 27
9 3
22 13
28 34
29 18
31 4
40 5
49 18
49 39
50 30
16 4
25 46
35 44
37 46
38 14
43 42
45 20
49 1
38 38
43 22
45 44
18 19
24 45
37 15
37 33
37 34
49 4
7 42
18 28
18 47
20 4
25 2
26 25
50 36
3 8
6 14
7 43
13 17
14 34
15 16
16 38
24 12
32 28
43 17
43 15
1 27
2 4
7 5
9 8
17 46
24 12
25 10
29 21
38 12
49 37
3 27
9 43
16 45
18 8
19 13
22 24
28 22
38 7
41 13
47 8
49 49
3 19
5 44
17 23
21 16
24 2
29 45
33 3
38 18
43 3
44 40
49 35
2 27
12 20
12 3
13 31
19 20
20 29
23 14
29 19
42 9
44 4
47 27
9 9
10 9
15 14
17 15
18 37
21 14
24 10
27 15
35 50
35 13
40 11
41 2
44 35
46 41
47 49
1 29
4 48
6 7
14 3
27 5
35 1
40 49
49 41
49 49
50 32
3 3
6 30
9 9
21 11
25 46
39 2
40 42
41 10
47 46
17 36
18 13
20 3
28 17
31 32
32 36
32 40
32 5
40 14
49 6
2 40
4 9
11 13
19 7
21 8
21 18
30 2
36 49
37 32
38 36
3 47
11 21
34 1
38 42
43 43
9 38
13 38
23 49
29 24
31 31
34 24
44 26
44 4
48 7
6 3
14 5
20 20
25 48
28 19
29 24
33 22
37 17
45 16
47 50
3 42
13 8
14 42
39 50
43 40
45 19
1 35
19 21
22 12
23 5
46 7
11 48
31 1
40 1
43 38
43 27
46 37
50 47
4 3
11 45
28 36
31 31
39 10
41 19
44 44
7 41
20 1
21 26
26 11
28 33
30 44
44 17
9 8
18 26
30 26
31 17
39 2
47 24
5 2
5 5
6 1
7 27
8 27
10 9
10 42
17 5
17 34
20 5
28 18
29 29
34 29
34 13
5 4
14 6
23 33
25 17
27 30
33 41
34 2
37 15
39 11
2 10
6 2
17 1
20 47
21 7
21 9
24 43
30 42
36 32
37 28
39 31
39 32
49 20
1 27
5 17
20 21
31 25
48 29
49 49
2 4
10 11
14 29
21 5
23 9
24 13
35 30
35 46
38 29
43 48
47 12
50 3
2 3
5 9
7 26
7 15
9 13
10 9
25 24
33 1
43 35
9 30
14 14
17 42
29 24
34 11
44 23
5 26
8 7
12 29
21 31
27 13
31 17
5 5
12 21
24 45
27 45
29 41
30 49
34 35
35 5
38 37
40 28
43 23
43 21
45 18
2 17
9 13
13 13
27 12
36 46
37 10
48 13
18 2
31 23
50 44
4 19
19 13
26 13
28 8
30 41
32 23
41 4
44 39
3 3
15 25
16 38
25 12
28 46
30 23
30 20
34 43
41 31
42 23
8 2
16 36
18 9
22 18
29 20
29 28
34 49
42 16
1 24
4 5
6 7
6 30
14 30
14 32
16 34
30 43
37 22
44 8
46 30
3 2
6 2
8 3
16 1
18 46
20 30
23 24
44 45
45 11
3 4
11 39
19 50
29 42
35 39
17 6
20 10
31 43
40 15
43 28
47 37
8 4
21 6
22 13
29 15
29 42
33 25
33 50
44 50
45 17
3 2
3 25
4 9
6 38
8 20
23 45
24 15
30 16
33 45
34 6
35 29
48 30
50 49
4 35
7 34
7 37
10 12
10 9
36 45
37 31
38 3
44 28
49 6
4 4
19 17
22 29
23 22
25 49
39 5
50 27
5 3
8 7
14 34
22 22
23 43
36 37
40 20
6 35
21 43
31 6
33 33
34 6
49 48
6 31
8 7
18 4
19 19
20 12
22 22
24 37
26 22
26 39
27 31
27 15
34 43
39 20
44 13
45 19
50 33
9 8
13 16
22 23
23 35
45 42
8 25
9 2
13 7
14 32
14 19
14 26
21 40
27 26
34 10
39 29
45 25
47 31
10 29
13 45
13 36
14 43
24 47
34 44
35 14
12 23
22 22
28 29
28 5
29 42
40 7
46 44
50 38
4 14
6 45
8 29
12 38
17 48
25 5
28 33
30 38
46 38
3 4
9 2
10 9
27 37
28 17
38 3
40 19
31 2
2 3
5 13
7 39
13 2
14 32
16 22
17 13
28 18
29 20
35 46
37 20
44 46
49 44
49 27
28 39
35 3
1 23
18 5
19 10
31 15
38 49
10 9
11 18
20 36
21 32
24 22
36 9
43 7
47 16
8 5
9 8
18 16
25 49
49 21
3 43
9 3
10 10
13 33
14 46
25 9
25 7
35 30
36 2
39 45
41 26
50 28
21 18
26 16
40 27
45 22
45 22
1 22
5 42
6 6
25 40
29 35
42 24
5 3
8 34
21 38
26 27
34 16
42 14
44 8
4 14
11 36
14 2
19 48
21 32
24 18
26 19
29 16
34 1
36 3
46 41
2 34
18 22
24 33
31 3
39 29
43 11
2 42
6 22
12 4
18 17
22 22
36 17
19 34
20 26
31 32
39 26
44 10
44 14
6 4
10 9
29 43
36 35
38 26
50 25
50 3
50 40
10 9
18 18
22 10
22 22
26 45
40 10
42 41
45 8
47 28
1 2
14 20
25 46
30 37
30 46
40 20
42 40
45 2
50 21
1 24
4 46
26 33
27 14
34 38
35 42
36 35
46 28
9 10
12 11
15 49
22 19
22 22
31 39
32 26
39 7
46 41
8 7
16 31
21 35
21 21
28 17
31 17
38 35
41 29
1 49
3 28
17 19
19 2
26 10
43 13
9 2
10 39
25 21
36 19
37 15
41 5
48 42
50 31
7 4
14 40
15 32
19 12
20 25
23 30
26 25
27 41
31 38
42 37
49 50
8 7
9 9
30 35
39 2
44 10
2 3
4 5
11 20
23 11
32 38
40 49
43 1
5 19
7 20
8 16
8 7
27 34
29 1
29 25
30 41
33 1
42 28
47 17
3 4
10 9
11 30
15 35
47 23
48 27
50 14
1 40
4 7
9 47
15 13
29 40
30 11
36 6
37 49
39 18
4 4
6 5
11 5
29 34
34 32
36 23
39 7
43 24
49 46
8 7
12 16
15 37
22 1
25 15
31 46
43 20
43 4
13 48
18 19
22 22
36 10
41 7
44 7
47 22
25 4
30 43
32 17
36 46
36 45
37 18
37 29
39 40
46 50
14 15
26 4
32 33
37 20
10 48
13 50
16 3
30 13
37 50
25 41
33 16
39 24
40 19
43 48
46 12
48 17
50 14
9 8
37 25
43 48
50 44
2 3
4 12
13 29
19 7
27 19
35 11
40 21
49 2
2 5
9 8
10 10
11 43
11 28
27 11
31 41
34 11
44 33
15 24
16 10
22 22
33 23
35 38
41 11
43 31
45 33
11 45
11 10
14 2
16 10
20 44
32 10
36 46
36 7
48 44
2 9
8 46
13 11
18 11
20 25
39 50
42 48
8 14
12 24
16 6
18 20
43 32
6 6
10 6
18 33
20 19
22 22
26 9
30 22
38 21
39 18
48 4
28 14
37 38
1 32
4 46
12 40
14 50
34 1
40 22
42 12
47 7
7 39
7 23
10 35
10 48
16 9
17 43
18 18
18 41
20 24
24 50
28 19
32 8
42 9
14 32
15 3
18 43
26 28
27 43
44 40
3 22
8 40
10 27
24 27
27 2
41 38
47 18
48 38
25 22
26 27
30 23
38 18
44 50
6 16
27 3
43 44
10 7
19 21
20 18
50 20
9 8
16 45
25 37
25 50
30 14
41 23
45 14
1 8
7 15
32 41
6 3
8 2
13 46
26 34
32 38
36 9
39 39
46 7
1 20
11 25
19 19
24 11
33 33
41 31
48 39
3 45
10 9
29 1
43 43
45 2
48 2
3 19
8 50
11 6
19 18
21 13
25 9
32 23
3 2
6 5
9 8
11 17
27 20
34 13
41 47
42 5
45 21
45 9
45 16
3 10
7 35
17 3
23 48
24 20
36 13
37 41
39 25
40 46
45 4
2 29
9 8
14 49
36 41
37 4
40 41
48 19
1 28
2 9
12 22
20 24
22 44
31 43
31 32
34 32
37 36
45 41
47 33
2 21
13 28
15 24
21 34
22 22
30 12
12 50
22 45
23 19
27 44
33 25
36 13
39 32
46 8
49 45
5 5
10 9
22 12
50 28
7 14
22 22
23 34
25 21
31 43
39 28
46 15
3 3
8 14
11 5
14 1
22 8
27 21
35 46
36 9
38 27
43 35
50 18
3 9
12 49
24 28
28 7
33 38
45 22
46 42
3 21
10 10
16 42
26 4
28 10
31 16
33 13
42 47
44 4
4 37
10 50
10 9
10 7
20 28
28 32
17 32
28 28
6 11
14 10
22 22
27 16
31 35
38 29
45 6
45 18
47 33
7 47
10 9
10 28
10 11
13 35
18 18
19 27
20 38
31 43
15 34
15 25
15 2
18 9
20 44
32 28
33 16
35 27
37 46
37 8
11 6
12 42
24 3
31 4
37 22
37 50
47 38
1 2
13 48
17 11
21 5
21 42
25 17
27 33
50 19
3 21
5 5
15 14
20 20
27 37
27 29
28 22
29 23
31 31
37 3
40 28
5 6
6 33
14 17
15 34
16 40
39 48
41 33
46 16
50 20
50 48
10 1
10 10
27 22
29 19
33 39
40 9
43 26
45 42
48 13
6 48
10 10
16 50
23 22
32 31
36 49
38 6
39 16
45 12
3 42
4 44
12 25
15 43
16 42
18 29
19 15
20 49
22 18
28 2
30 37
35 1
8 7
14 45
14 40
23 34
27 25
28 45
36 2
38 22
40 45
46 20
49 50
31 36
42 8
43 21
43 10
44 15
47 3
8 33
21 38
24 19
30 12
32 31
43 35
50 4
17 16
25 10
28 23
41 30
44 18
48 11
5 28
9 4
10 16
15 23
23 4
24 27
30 1
36 36
38 29
45 2
2 46
15 16
15 49
22 44
33 13
37 1
45 39
1 2
8 16
37 14
40 17
42 39
50 9
10 10
17 46
18 30
21 40
29 35
36 9
48 35
49 45
6 20
23 21
39 22
47 17
50 23
3 4
7 4
10 37
29 23
29 10
31 32
32 35
39 23
39 42
41 44
45 37
9 2
22 22
25 21
18 17
20 35
32 29
38 12
42 38
43 7
47 40
4 10
5 5
8 3
14 13
15 8
21 20
24 29
26 30
27 47
32 16
43 23
43 31
3 4
5 40
21 43
22 22
28 1
31 32
33 48
35 47
41 37
41 2
45 37
2 7
9 2
9 24
11 21
20 21
24 37
26 10
28 25
32 8
33 14
9 9
11 50
22 22
32 20
38 9
13 23
17 20
35 49
46 7
50 50
13 18
16 47
33 36
38 13
45 25
47 15
1 18
3 28
9 8
15 13
38 4
38 47
46 18
2 30
7 20
8 14
10 42
14 24
15 40
26 27
28 18
28 41
39 13
47 6
12 22
17 48
19 42
24 26
33 38
37 16
39 7
43 46
48 42
50 6
18 39
28 42
34 20
42 34
47 38
8 7
10 9
22 22
24 19
31 29
32 2
18 48
21 41
30 36
33 39
39 47
40 13
42 26
47 25
48 50
12 22
13 33
21 32
24 25
29 18
33 23
35 4
11 8
18 17
30 26
36 18
36 44
47 26
10 9
12 35
27 37
29 7
37 20
46 27
46 39
1 2
5 43
16 6
20 20
21 6
31 19
37 12
39 23
42 25
42 46
43 24
48 23
5 28
12 3
31 42
38 27
49 46
4 6
19 19
25 31
35 44
38 50
41 42
47 4
49 39
4 14
6 47
11 44
29 15
35 8
46 46
48 8
5 7
5 20
6 23
9 31
13 36
18 27
18 1
22 22
26 31
30 45
36 25
42 7
21 30
36 18
39 37
50 32
1 20
2 3
9 29
18 9
18 18
24 40
35 22
38 3
50 11
50 50
4 3
8 32
19 43
30 22
34 48
38 49
43 20
47 26
48 20
50 16
11 21
26 5
29 28
38 3
42 21
44 23
9 36
14 11
15 28
20 42
20 37
20 43
21 45
31 24
38 30
42 36
43 24
43 45
47 48
1 8
4 4
7 18
12 2
27 9
32 27
34 25
35 9
48 44
48 44
12 39
15 23
20 16
20 35
20 25
25 26
25 32
25 27
30 25
42 6
43 49
4 40
6 15
6 32
7 1
31 50
34 32
38 17
42 22
44 40
45 25
12 12
18 5
25 5
27 41
28 28
30 43
33 3
36 13
40 48
2 20
5 44
13 4
14 50
18 39
22 22
26 12
27 27
29 16
34 37
41 8
7 4
6 38
10 37
14 41
25 46
27 50
37 4
42 50
42 33
13 35
17 7
21 25
27 24
33 41
37 13
45 18
16 9
23 9
30 17
40 38
39 20
40 49
41 31
42 8
42 34
44 16
50 30
3 7
5 33
8 40
9 8
14 27
18 19
31 27
32 31
49 21
1 13
1 10
2 9
9 14
16 36
17 32
17 36
22 21
23 2
25 49
31 34
36 7
40 6
47 15
49 4
2 43
4 37
24 26
35 20
42 16
44 15
46 32
1 20
13 22
16 45
19 49
24 50
24 20
28 8
33 11
35 50
43 32
48 29
49 19
1 49
1 2
2 17
7 17
8 7
11 19
29 24
36 20
41 48
44 50
48 7
50 35
1 2
1 41
16 23
22 22
28 19
30 24
1 21
11 37
13 25
13 14
20 43
28 47
30 33
37 29
44 8
44 49
6 42
15 46
16 19
17 22
19 14
26 18
27 27
30 8
38 27
41 24
43 24
2 31
9 8
9 13
9 46
23 28
42 37
46 40
5 26
6 13
8 8
12 44
14 15
15 12
15 48
17 44
22 21
26 28
34 10
36 37
38 15
40 4
49 37
26 25
31 8
2 3
16 13
16 46
18 39
19 5
23 38
34 21
35 40
2 15
5 41
23 36
23 10
31 3
37 2
38 22
41 22
43 19
47 1
2 24
10 20
16 9
28 6
31 47
34 26
36 32
39 18
3 2
15 35
27 35
38 16
45 4
49 50
3 3
22 21
26 22
30 48
37 7
37 47
41 48
42 28
45 17
49 5
50 3
4 5
6 35
8 14
12 3
20 14
24 27
25 22
30 40
31 7
32 27
32 35
45 10
2 3
3 31
9 11
12 42
36 43
43 45
44 40
45 8
19 28
21 21
26 49
43 33
47 37
6 48
17 46
23 3
40 32
45 14
48 47
1 29
4 5
5 11
10 45
22 42
38 28
7 13
12 14
13 23
46 9
48 5
2 34
22 40
32 23
36 33
2 8
11 22
15 16
16 20
29 47
44 8
5 5
15 3
16 21
26 34
30 40
37 46
47 33
4 3
5 47
8 2
17 13
26 12
40 33
43 2
43 20
44 44
9 35
11 15
11 27
17 40
29 4
50 12
50 40
3 1
4 5
9 8
9 38
10 24
10 9
17 4
36 10
36 40
38 23
3 3
3 3
5 29
42 1
46 30
50 15
10 9
15 42
21 45
24 3
25 26
31 23
42 40
44 35
45 46
47 41
6 5
17 11
26 34
9 40
19 9
20 41
24 42
25 11
8 48
10 34
17 8
37 2
39 17
44 30
50 50
6 36
14 18
23 18
33 31
43 3
4 34
18 21
26 27
36 33
48 9
4 27
5 5
12 2
20 45
21 48
23 18
29 1
46 29
3 25
13 35
21 48
29 26
31 34
3 2
11 11
12 17
29 46
32 33
40 47
41 14
44 20
46 39
5 4
7 21
8 12
11 49
30 27
30 8
33 26
46 45
50 3
5 37
8 33
10 12
16 36
19 21
36 23
6 19
14 25
26 24
27 49
37 37
38 20
43 22
50 21
10 9
16 48
18 11
29 36
30 26
32 36
47 39
49 41
1 39
7 37
11 18
18 1
21 10
29 1
35 20
41 15
3 45
8 7
14 2
17 20
28 6
33 4
44 28
45 42
46 2
49 29
49 50
5 26
19 41
25 21
31 31
32 27
34 30
39 46
44 38
45 46
45 2
47 21
8 7
28 25
30 28
31 32
33 16
28 22
28 25
44 11
45 49
49 37
19 17
23 18
28 49
35 6
40 33
46 19
47 26
50 49
1 10
5 24
14 7
20 31
28 9
31 1
31 31
36 6
37 21
40 13
43 47
50 16
50 50
8 19
16 39
21 4
30 16
37 26
44 46
50 5
1 45
3 48
16 30
18 44
20 38
25 26
32 31
40 35
1 50
12 5
12 32
16 34
17 9
21 47
22 27
28 35
30 10
35 32
36 8
40 22
1 1
3 4
7 32
8 7
10 28
28 26
28 27
28 36
29 13
47 17
4 4
20 9
24 34
30 12
32 33
36 34
39 18
50 36
2 40
2 26
4 4
6 25
10 10
12 28
12 40
20 14
26 11
26 13
28 16
33 27
40 17
49 28
2 19
5 10
11 32
16 8
19 32
20 1
23 23
25 2
33 16
38 43
41 46
42 38
43 8
11 6
12 27
19 21
28 14
31 24
45 18
3 42
9 32
14 45
15 29
21 34
35 47
38 25
38 13
45 40
46 36
47 15
4 37
28 18
34 22
39 13
42 48
11 3
19 15
21 47
24 22
26 13
28 44
30 12
35 26
36 3
41 3
41 46
42 30
43 10
49 39
3 4
5 14
8 21
22 30
31 46
45 5
47 42
5 2
7 19
10 11
14 36
26 12
27 30
44 4
47 28
9 19
12 31
14 22
17 15
26 9
29 49
36 1
41 41
44 26
46 36
4 38
5 1
8 1
21 17
22 22
25 49
28 5
42 27
2 45
5 50
9 26
10 2
18 43
18 47
26 28
26 26
44 15
2 4
5 36
8 49
39 32
46 48
49 33
7 5
12 23
12 17
31 24
38 17
48 39
13 41
18 17
28 48
33 35
36 22
37 15
39 15
49 20
5 33
6 7
10 9
10 11
13 25
26 33
35 35
46 19
48 18
50 44
50 10
17 26
24 50
24 19
25 16
28 50
38 11
41 17
1 27
8 29
13 17
32 36
33 3
37 39
42 35
44 49
48 44
13 13
19 25
27 25
29 2
30 15
32 11
36 47
40 7
45 43
50 47
5 42
10 11
17 31
28 19
33 16
35 50
1 34
3 38
4 46
4 5
9 8
16 29
20 41
21 40
25 27
29 36
43 44
44 36
47 25
47 33
2 15
7 38
12 41
17 49
22 45
29 31
30 38
31 26
37 17
40 49
42 43
44 44
44 44
46 5
49 43
1 13
2 34
5 44
17 32
18 6
23 20
24 33
26 46
30 49
45 39
47 16
49 26
6 27
6 6
14 15
17 25
20 21
24 27
41 48
42 39
48 44
5 5
13 12
28 33
30 4
37 4
2 26
14 9
21 12
23 2
33 16
36 48
42 47
47 8
49 50
2 6
16 47
17 44
18 5
28 24
37 29
43 17
49 42
2 22
11 36
11 14
28 22
33 16
34 1
1 25
3 24
4 3
9 43
21 48
32 32
37 18
41 2
9 39
11 5
14 40
14 31
16 42
23 18
23 10
29 33
31 8
36 9
45 30
1 4
5 4
16 30
24 40
26 8
35 31
38 41
45 11
23 31
23 38
44 27
44 21
3 2
4 46
10 9
10 5
14 17
14 37
20 47
36 21
40 48
45 10
48 25
5 5
9 9
14 17
17 47
17 19
18 45
20 8
33 23
38 5
39 31
40 8
13 15
24 50
27 21
35 3
50 49
5 22
9 28
18 17
30 7
39 18
46 25
27 49
38 13
45 46
49 35
4 5
5 33
12 45
24 48
28 33
29 12
35 29
47 32
2 49
8 45
15 37
21 2
22 22
45 5
50 2
2 40
7 11
10 9
19 6
25 9
26 28
27 36
27 19
29 2
33 7
41 16
3 4
17 18
29 32
33 29
34 34
37 31
46 46
13 1
13 6
17 22
20 40
30 11
31 35
36 44
39 49
39 32
40 10
11 23
12 42
16 25
20 45
25 37
39 40
40 23
19 1
28 46
37 46
41 8
45 40
50 49
11 22
26 49
26 15
29 49
34 33
36 32
47 20
8 15
11 12
11 1
12 22
23 44
25 28
27 50
1 38
2 50
3 43
6 29
8 7
15 13
20 43
26 49
37 31
39 10
49 38
10 50
13 40
19 46
24 9
27 49
37 40
50 32
4 4
41 48
49 35
50 48
3 18
8 2
17 29
17 15
19 22
23 22
28 28
32 9
35 29
46 35
49 19
3 40
9 20
11 17
20 23
25 24
25 50
10 15
10 21
13 41
18 44
24 9
32 45
46 11
3 2
15 1
16 30
19 1
20 38
28 42
37 24
43 15
5 5
5 37
12 36
23 19
25 31
28 4
37 41
39 44
42 10
45 50
1 8
22 22
32 44
33 21
33 19
50 1
12 25
15 13
26 11
29 31
41 32
46 9
47 28
9 10
10 33
11 30
11 21
16 11
17 13
18 9
19 15
7 13
10 2
26 24
36 23
40 11
15 29
15 37
18 5
32 3
35 36
38 29
42 45
1 26
12 23
26 43
31 26
47 2
48 3
5 49
14 12
20 11
42 18
47 27
50 20
25 34
43 4
50 15
4 5
5 36
16 47
17 31
27 5
27 7
47 27
49 39
3 38
4 8
12 38
18 8
22 22
42 32
46 40
7 28
13 46
28 33
33 32
43 22
48 26
5 5
6 5
19 50
23 22
38 35
39 8
40 37
43 38
15 19
21 3
29 5
41 38
47 27
6 13
7 10
14 48
17 18
19 13
28 47
40 30
48 27
5 23
39 8
11 46
22 19
24 16
29 41
46 28
5 28
9 9
16 15
21 1
22 36
22 18
39 48
42 34
44 13
1 46
12 33
14 19
16 9
18 16
24 49
25 28
26 47
44 37
32 6
38 30
19 42
21 35
22 29
24 28
25 6
29 41
32 26
37 22
45 49
46 4
4 46
8 29
22 39
22 22
24 8
32 42
6 15
7 40
9 8
18 26
28 25
33 4
34 20
4 48
6 40
13 2
21 20
22 22
23 15
26 33
39 26
43 31
6 12
14 5
15 37
17 12
28 11
29 26
9 50
10 7
10 9
22 1
29 27
2 26
8 14
13 31
18 40
25 37
35 34
40 47
25 3
34 31
46 26
46 26
9 23
24 26
32 48
32 31
33 3
35 50
39 14
40 39
49 15
10 41
18 19
19 40
23 28
33 4
39 48
50 34
6 7
7 28
12 50
13 48
21 47
21 25
25 32
34 35
43 2
46 26
50 19
9 33
10 31
16 29
24 25
24 2
39 24
41 26
48 39
48 13
50 32
7 3
21 1
29 49
30 1
36 42
38 47
40 46
4 4
23 28
23 36
25 41
34 4
36 41
2 12
3 25
15 47
22 44
30 32
30 15
49 49
5 6
40 43
50 37
12 29
28 25
31 15
33 38
41 49
41 40
44 9
4 30
16 41
27 18
29 20
32 16
33 45
36 49
36 8
39 37
7 21
11 36
15 40
23 3
27 29
31 19
37 1
39 44
45 23
47 23
2 18
22 22
35 27
8 21
31 6
40 45
1 28
9 33
36 24
38 38
41 40
43 7
45 42
50 36
16 31
23 46
27 10
30 37
32 32
42 6
42 28
48 46
2 48
4 25
12 15
21 29
25 8
27 23
38 9
39 13
9 8
13 12
14 39
16 32
24 36
33 21
40 19
45 2
6 42
11 23
11 10
16 14
35 39
36 20
39 12
45 14
47 11
1 29
2 35
15 8
15 39
16 47
30 34
32 2
39 36
15 16
15 31
22 49
35 6
36 15
37 33
40 49
41 46
47 2
50 9
6 5
7 38
7 33
13 33
13 15
15 23
16 48
17 17
22 34
24 47
33 10
34 36
35 42
38 5
50 44
50 44
2 6
16 34
27 22
28 34
29 32
43 24
45 5
48 32
2 9
3 31
4 3
11 43
14 16
16 2
20 12
34 20
35 36
37 37
50 33
6 5
11 35
16 17
16 27
16 43
20 49
26 41
32 13
47 12
49 50
12 6
16 35
23 46
43 42
43 50
44 21
50 27
16 41
19 44
24 26
25 45
27 3
33 28
42 25
5 33
9 24
10 46
12 18
23 49
26 26
33 47
45 50
6 7
19 9
32 5
36 18
43 50
44 14
45 10
8 45
18 19
24 16
28 9
32 35
39 2
39 48
47 44
48 9
11 26
15 6
15 38
21 37
23 46
24 23
28 11
34 40
42 9
43 15
45 19
1 8
8 7
12 45
21 39
22 22
27 30
28 31
30 9
45 35
1 29
9 8
13 6
20 14
42 39
47 10
47 40
50 50
15 11
29 37
31 15
34 32
34 14
37 33
48 48
48 35
17 35
21 35
31 2
32 31
44 30
3 9
18 7
33 48
37 44
37 10
39 11
39 25
49 5
1 6
4 41
7 45
9 9
11 30
13 37
23 35
25 36
32 35
37 4
42 34
47 16
26 27
34 1
41 42
28 26
33 48
36 26
37 23
41 23
47 44
49 8
2 1
11 25
18 39
24 36
31 41
32 40
39 15
11 18
18 36
30 24
31 40
37 5
40 29
41 8
43 24
2 24
4 13
20 12
26 25
37 25
39 2
41 1
43 27
43 44
47 46
12 30
17 49
19 36
28 38
28 7
38 43
41 32
50 37
20 7
23 31
30 36
7 33
8 4
20 2
25 10
26 25
39 6
45 27
47 6
5 30
5 42
7 20
14 12
21 19
28 46
38 40
39 5
44 46
8 29
10 29
15 1
33 43
35 13
38 4
38 35
40 47
49 38
8 7
10 9
24 22
26 14
31 2
37 7
46 17
1 43
6 40
7 13
31 21
34 2
39 28
1 47
5 4
9 6
11 12
14 22
15 9
15 15
22 32
35 32
44 36
3 39
11 10
16 19
22 22
39 19
41 49
1 50
6 7
7 37
11 10
38 7
39 1
44 5
46 6
48 35
7 30
15 37
21 41
21 33
31 38
36 17
41 44
45 47
28 37
30 30
34 15
44 4
8 7
10 2
12 10
18 26
27 46
34 8
39 37
47 48
3 11
7 15
10 9
11 14
15 14
25 35
28 40
29 43
38 6
39 15
41 32
41 6
45 29
49 9
49 49
1 2
1 1
4 9
4 30
6 5
6 5
13 16
16 25
21 5
25 43
41 48
45 10
47 49
29 39
34 5
46 15
8 5
9 32
39 44
43 23
3 4
4 39
7 3
19 50
20 32
20 18
23 3
26 49
34 39
45 50
47 3
48 23
4 37
13 24
15 39
16 31
20 34
21 1
29 2
29 48
41 22
49 24
4 5
10 9
17 11
38 31
3 2
20 38
22 22
25 39
27 50
31 11
45 14
2 21
24 3
31 24
40 12
46 39
48 36
3 28
9 21
38 19
44 3
45 29
45 16
45 38
46 9
49 27
13 13
23 24
26 24
30 15
5 36
10 9
12 17
13 1
20 14
39 47
45 35
50 23
3 43
5 6
14 47
31 32
43 13
45 26
49 45
2 30
10 9
16 18
17 30
17 17
22 43
27 3
35 3
35 7
38 2
16 21
17 20
21 49
41 25
44 38
45 36
46 8
6 8
9 4
31 18
41 24
42 43
42 47
47 40
48 12
49 36
6 5
12 40
17 38
23 39
26 18
27 33
29 21
36 43
41 22
14 12
25 5
32 45
18 10
20 50
30 35
36 13
38 8
42 21
44 24
49 29
2 25
11 34
36 19
49 12
50 7
2 13
32 26
42 12
50 3
3 49
6 5
6 5
7 27
7 6
11 10
13 5
18 25
35 37
36 19
43 30
45 19
48 8
48 3
50 7
4 39
7 45
25 29
26 7
30 17
34 31
40 23
46 35
7 25
12 20
23 22
26 47
27 14
32 41
33 50
34 20
39 24
43 15
7 9
15 17
22 20
20 30
32 49
42 25
8 22
8 7
13 37
15 26
18 10
18 50
24 2
25 12
26 27
28 8
38 35
1 45
2 50
3 22
9 4
16 48
18 18
19 30
22 22
26 3
32 46
33 27
37 43
44 40
44 30
48 35
24 12
26 42
38 44
44 15
45 49
7 2
45 50
46 32
5 42
6 10
11 3
17 27
17 23
17 6
20 35
28 17
34 7
34 14
40 35
41 5
43 14
48 44
50 1
7 22
11 17
15 37
17 41
18 32
22 27
24 43
41 45
45 35
8 23
12 38
15 16
12 12
22 22
24 21
32 18
33 44
48 7
4 33
10 9
25 30
33 42
42 35
43 13
47 14
29 22
34 43
37 23
39 1
44 26
45 27
6 50
13 22
26 31
31 37
41 17
47 31
48 27
36 13
43 4
19 35
21 22
21 47
22 13
23 33
25 42
28 25
35 29
37 16
38 4
39 18
44 18
49 49
12 20
13 36
19 43
27 37
37 15
3 39
5 26
20 18
28 1
1 30
9 10
10 11
14 14
16 44
21 14
25 24
27 42
38 23
39 28
47 43
5 4
19 47
26 11
29 40
33 44
37 19
43 17
6 39
11 27
16 10
19 46
24 10
26 44
31 43
36 35
36 29
36 2
38 9
41 28
45 33
7 32
12 5
14 12
22 15
23 21
31 18
39 15
40 33
47 37
20 44
26 45
27 2
35 41
36 23
37 42
44 26
47 35
48 45
49 38
7 13
34 34
38 4
13 38
32 19
34 48
45 49
8 13
32 42
35 34
49 49
7 1
13 46
15 15
26 13
30 49
33 48
40 36
45 31
9 10
10 9
21 38
29 18
33 8
35 30
38 32
41 10
50 22
3 22
15 16
16 28
38 6
39 7
41 16
45 10
48 46
50 27
11 4
13 8
16 18
19 22
24 5
25 34
37 25
38 13
4 5
14 12
16 25
20 7
20 2
28 15
28 7
28 44
47 18
5 5
10 18
10 9
18 33
29 44
34 45
40 16
42 8
48 33
11 4
22 21
29 49
29 25
32 6
32 25
33 43
40 39
50 18
7 36
28 16
32 42
37 47
39 49
20 5
22 7
28 20
34 47
39 23
43 26
45 18
48 36
13 25
16 28
27 49
33 50
36 22
39 10
41 34
1 7
4 5
8 1
10 11
16 7
24 10
26 27
26 31
36 21
38 24
41 21
47 28
49 28
1 13
2 22
12 30
19 4
21 17
22 3
22 22
26 46
32 35
36 8
38 25
44 22
45 21
46 1
2 8
5 3
9 8
13 12
18 19
19 7
27 44
30 4
36 23
39 47
46 34
2 23
3 3
12 38
30 9
42 35
43 35
48 23
32 32
38 29
41 23
49 1
22 26
23 7
26 19
32 35
33 13
35 34
38 36
39 5
47 43
50 22
7 26
13 18
14 33
22 22
26 27
30 10
41 50
45 21
49 47
50 16
4 5
8 18
8 2
17 37
18 49
26 2
37 31
38 7
49 13
6 12
26 15
30 24
31 22
48 22
3 4
17 10
18 29
19 47
26 31
28 11
33 47
35 43
47 3
6 10
26 26
27 19
28 8
35 33
10 9
14 36
25 50
28 36
34 17
40 36
50 41
50 50
7 9
8 44
10 31
11 28
14 32
27 20
31 35
44 2
2 46
5 28
11 41
11 16
21 11
34 28
44 13
46 7
48 27
16 11
26 43
43 27
1 19
10 22
11 11
21 40
25 39
28 15
29 39
35 24
2 36
18 27
35 19
41 17
42 16
50 33
9 47
36 22
49 39
8 7
15 14
30 5
33 26
33 35
38 12
44 50
3 34
16 19
24 14
31 37
34 10
35 10
37 42
49 21
1 23
4 40
21 30
26 9
34 43
39 41
41 26
41 33
42 5
44 9
5 15
7 22
9 8
11 43
21 12
28 7
40 44
41 39
12 32
14 14
16 20
20 15
21 19
28 40
28 32
28 23
36 2
43 22
10 30
10 11
12 22
3 2
7 13
7 9
20 33
30 42
34 5
34 37
44 20
2 3
5 25
8 28
14 45
30 24
32 2
43 37
44 50
44 12
47 35
48 43
3 13
16 41
20 18
32 48
35 48
36 7
39 44
42 16
46 31
48 23
48 28
49 23
2 40
2 3
4 8
8 7
15 40
17 19
21 3
31 15
35 49
2 49
2 34
12 12
16 27
27 43
34 6
35 33
43 26
48 22
50 49
7 9
23 38
35 20
46 6
47 43
5 40
9 23
15 4
16 15
22 47
41 36
43 8
4 46
8 7
19 44
28 11
32 6
34 48
37 41
50 37
35 17
37 46
44 10
1 37
11 22
14 32
16 19
18 49
20 5
25 44
29 49
29 34
36 37
42 40
44 38
45 38
50 45
4 5
7 7
9 8
15 35
21 46
31 31
31 32
34 32
40 15
1 8
11 2
14 33
26 26
27 4
30 32
36 43
41 43
50 4
3 35
9 8
16 37
16 41
25 8
27 48
35 47
37 49
49 26
50 40
3 5
3 36
18 11
23 43
31 13
40 20
45 39
47 19
50 32
3 24
11 37
16 11
18 24
25 15
26 2
31 8
37 25
40 43
13 40
23 40
27 29
33 38
37 15
48 37
11 23
12 13
20 45
21 45
24 33
26 27
36 24
38 29
39 32
40 23
41 17
41 12
42 27
44 1
46 43
48 46
49 49
2 1
3 41
9 7
12 4
35 10
48 13
4 22
9 9
20 43
22 23
24 5
28 8
45 11
47 13
12 16
19 29
19 36
36 3
43 36
7 20
9 47
12 47
12 16
26 49
45 12
46 22
17 24
26 3
28 41
44 12
1 37
7 33
9 39
14 49
15 44
23 18
41 36
45 49
2 47
2 14
5 32
6 10
18 21
18 46
19 37
22 22
40 32
48 31
11 7
31 32
46 26
46 21
15 18
22 22
27 20
29 1
42 17
46 49
50 6
8 9
11 43
14 37
28 7
29 2
31 12
41 47
6 24
6 2
18 2
26 2
33 38
33 33
35 16
35 3
42 4
44 21
45 49
46 20
47 31
2 50
3 42
34 40
41 26
7 22
8 7
12 21
32 11
35 30
36 46
36 25
36 33
39 35
40 42
41 12
43 30
48 2
7 11
29 37
48 25
48 23
1 23
14 1
14 1
26 34
32 6
40 17
41 48
1 42
4 4
10 43
20 17
40 6
45 50
1 36
12 38
23 26
24 38
30 27
42 1
43 4
47 46
47 21
14 45
21 43
21 47
39 32
49 39
49 10
49 36
5 23
9 36
9 22
13 26
21 46
22 22
43 50
50 25
11 39
14 42
24 21
34 48
36 50
46 4
2 20
5 8
16 32
20 47
23 32
24 8
41 11
43 12
43 12
1 35
19 15
28 1
29 33
30 2
32 24
46 33
7 33
24 29
36 19
46 44
3 46
6 35
7 26
7 29
7 17
10 5
13 37
17 39
34 28
38 36
38 29
40 13
3 31
23 48
36 27
10 36
21 40
21 34
30 16
34 49
38 20
40 18
43 48
44 38
3 41
4 3
11 22
18 45
44 25
2 11
15 32
21 46
26 19
35 26
37 39
39 8
46 2
2 3
10 16
26 19
28 27
29 47
37 37
41 32
47 45
2 44
3 45
17 29
23 33
24 27
38 13
43 26
50 50
3 3
14 37
16 32
18 35
30 37
32 33
38 26
46 20
14 30
16 24
19 19
20 38
22 32
25 41
41 43
45 40
3 21
3 12
18 43
25 26
29 46
34 41
9 5
10 50
16 35
47 41
50 45
5 4
12 1
13 30
17 4
33 12
36 29
47 32
2 18
17 47
18 3
34 28
37 16
49 6
12 14
22 22
31 39
31 18
35 9
36 37
42 10
44 20
49 30
15 48
32 25
38 24
45 50
46 17
48 8
48 40
49 48
49 39
1 39
2 41
9 28
17 28
21 1
25 34
28 46
40 6
45 14
48 26
7 3
12 17
15 11
16 35
16 35
29 20
38 17
44 39
45 10
46 8
8 26
14 25
22 4
37 46
42 45
5 49
15 18
17 9
21 28
35 18
44 46
5 33
16 50
16 39
26 25
29 36
29 23
32 11
41 15
42 20
19 33
19 32
19 30
24 17
31 31
32 11
33 38
45 50
48 5
7 17
12 50
14 2
14 3
33 11
34 15
37 4
39 3
41 42
43 28
43 21
9 8
21 9
22 1
24 9
40 38
8 7
9 3
17 7
18 50
22 22
32 22
36 25
38 35
50 50
1 30
2 30
4 10
16 42
16 41
17 33
24 36
30 18
31 43
44 4
47 40
7 17
13 40
17 42
27 20
27 33
30 16
31 21
31 8
41 32
42 12
49 3
49 41
3 7
29 2
35 24
38 10
41 33
46 30
5 32
7 44
11 43
24 25
24 43
32 50
33 29
40 3
2 33
10 27
11 9
13 7
27 37
31 32
43 40
47 45
50 49
5 4
6 7
9 10
17 41
37 26
37 39
38 18
39 27
39 9
42 30
43 12
45 13
1 10
7 18
39 37
40 15
41 21
46 38
4 3
13 23
18 17
23 3
25 16
28 14
31 41
31 22
31 40
1 20
13 46
14 18
15 9
17 17
19 45
29 15
46 36
3 41
16 47
35 47
36 49
38 17
40 36
46 50
48 22
50 49
16 10
22 36
33 36
45 6
48 18
1 38
14 21
14 49
23 6
31 17
41 27
43 33
12 21
17 11
20 28
26 2
43 49
43 35
44 47
49 36
1 11
3 1
11 10
15 15
21 10
40 9
47 33
48 23
1 2
9 8
17 43
17 16
22 22
32 31
37 5
3 26
15 21
16 21
25 6
26 41
38 11
39 2
41 10
43 8
50 6
2 1
9 10
13 10
21 9
21 13
35 13
40 40
44 42
13 23
13 25
18 11
20 10
25 12
27 27
27 26
34 38
9 9
19 28
23 34
32 45
37 21
44 8
47 11
1 10
1 1
8 1
11 40
12 38
13 23
21 2
33 17
39 27
49 14
50 44
1 44
1 50
6 20
7 10
9 8
15 6
17 35
19 19
21 3
25 49
27 46
30 31
49 14
14 34
22 22
33 2
35 20
35 15
41 15
42 3
4 17
7 34
7 32
8 29
9 8
32 43
34 11
34 26
44 37
48 7
8 30
12 14
16 22
17 11
22 2
24 27
29 21
31 40
43 30
44 10
2 6
7 21
10 11
26 26
39 8
41 49
41 37
49 42
50 29
8 5
11 26
16 8
17 5
17 43
21 47
21 35
36 3
43 16
44 21
45 1
45 5
45 48
49 10
3 47
9 7
15 38
25 45
31 28
32 5
41 48
12 6
17 7
17 27
19 41
28 14
36 22
39 38
50 20
8 38
17 40
18 18
21 36
23 36
33 46
36 48
39 11
2 12
9 1
10 35
13 4
33 9
33 3
38 41
39 1
39 3
43 50
45 34
2 31
7 45
10 9
21 45
25 11
47 38
47 30
8 31
16 6
23 15
26 15
27 40
28 13
39 21
43 48
1 21
2 3
11 12
15 18
20 49
29 19
34 2
37 18
2 49
7 23
12 24
14 7
29 43
34 11
38 50
42 26
48 12
4 5
8 13
27 5
46 21
46 34
49 49
8 14
9 8
12 24
16 6
23 37
31 8
39 39
40 23
41 31
42 28
1 45
7 34
9 33
11 36
14 38
16 6
26 17
29 30
32 30
37 42
38 15
41 39
43 21
47 24
47 42
2 39
3 50
5 43
8 29
9 1
18 13
27 17
35 3
35 37
37 32
37 7
4 6
10 5
13 50
14 8
30 18
2 41
3 26
3 17
8 13
10 37
18 49
36 45
37 46
48 5
11 25
19 20
22 22
23 10
29 31
36 13
45 24
48 2
49 48
17 39
26 38
27 13
27 17
28 1
31 26
45 49
2 21
6 7
19 47
21 42
31 32
33 36
36 4
39 30
1 35
3 34
5 2
11 30
18 31
35 30
37 7
41 15
2 4
4 3
12 9
18 17
29 9
32 32
41 4
48 14
49 20
50 30
6 28
17 2
22 21
29 41
29 25
1 16
6 41
7 47
14 50
17 22
28 27
31 32
35 21
36 8
40 26
47 34
1 10
5 14
26 5
27 33
30 40
34 35
38 43
50 45
9 8
18 15
18 49
20 49
44 39
18 17
19 45
19 21
21 37
22 1
27 32
30 18
40 40
41 22
41 38
46 43
47 19
5 2
20 26
21 24
21 16
26 25
27 46
43 24
48 18
50 32
23 50
27 7
27 39
34 46
34 21
42 13
3 35
6 18
12 16
17 49
24 26
42 31
5 25
9 40
11 34
12 22
16 14
24 14
27 31
48 29
6 11
7 19
14 40
18 1
22 38
24 25
27 4
28 4
32 17
33 24
40 36
45 2
22 22
37 42
49 40
7 16
10 9
18 22
24 45
27 7
3 3
16 23
21 42
23 14
25 30
26 7
32 48
2 42
9 8
10 24
17 24
26 12
47 36
9 6
18 28
20 19
27 49
48 48
6 7
18 9
18 35
21 12
30 41
42 42
50 28
20 12
23 13
24 31
32 33
34 48
36 36
41 32
23 45
29 6
29 9
34 27
39 13
48 24
49 44
50 27
1 36
5 36
7 24
10 9
23 45
32 34
39 32
48 16
1 40
7 50
10 36
12 42
16 37
22 22
25 32
49 49
19 2
19 6
23 9
27 10
39 27
9 8
27 25
30 21
49 20
5 24
11 29
14 42
36 9
38 29
39 20
2 36
4 46
6 38
6 7
8 43
12 5
25 5
34 29
40 32
40 20
40 41
40 31
44 13
8 7
8 17
10 9
12 7
13 49
21 4
26 1
27 2
28 42
29 9
32 31
34 2
37 27
1 26
5 31
8 7
13 50
14 11
26 25
29 1
38 21
48 43
48 29
3 41
13 46
20 22
21 2
28 7
46 19
49 25
1 2
4 27
6 12
7 22
12 35
15 36
24 32
34 12
15 30
38 23
42 29
46 14
48 50
50 49
6 44
7 16
31 45
32 50
38 1
46 18
46 1
4 3
7 21
9 7
12 25
17 47
27 12
31 9
44 2
49 15
50 6
6 32
10 11
19 46
30 4
32 36
44 19
44 4
49 50
2 15
10 11
20 23
22 23
23 49
30 18
38 50
48 10
50 19
50 5
4 3
6 7
8 7
9 48
15 39
18 38
26 42
37 11
39 34
40 17
45 43
8 38
17 20
18 33
36 28
36 2
36 18
11 7
13 10
14 46
16 47
17 25
20 36
26 49
27 8
28 32
30 50
39 5
41 4
2 16
19 47
20 5
23 25
26 27
32 5
43 4
46 48
46 7
49 5
1 6
2 31
5 1
16 18
31 18
32 9
39 24
46 16
49 19
50 23
8 5
19 48
22 22
24 29
24 26
28 36
33 17
40 32
41 30
50 39
15 15
19 18
25 39
11 34
31 14
39 43
39 2
44 33
3 19
26 29
32 31
35 43
35 29
41 19
7 18
19 12
20 50
22 22
23 4
25 22
27 20
42 19
43 43
3 22
7 23
19 36
25 19
27 22
28 50
33 43
46 19
47 11
47 36
48 37
5 10
20 37
20 8
24 47
30 23
30 29
30 11
36 46
39 47
6 7
12 24
17 27
25 27
44 17
7 49
25 28
25 17
26 25
28 18
30 2
33 35
45 12
48 20
49 45
2 3
9 49
10 4
12 31
17 21
19 46
21 46
25 50
35 8
35 39
37 17
39 31
42 48
3 36
11 30
12 15
24 24
6 17
15 14
18 27
21 33
25 29
26 21
27 42
37 28
38 30
44 26
11 8
30 50
1 2
5 5
6 2
8 13
20 47
31 23
31 31
40 10
46 10
3 2
8 20
34 4
36 20
38 29
47 41
19 46
21 50
31 44
43 30
49 49
8 49
11 6
32 6
41 24
17 38
20 39
26 38
29 11
32 39
32 42
40 36
42 14
42 38
45 4
48 50
7 31
16 31
21 38
22 36
30 5
30 24
31 32
39 19
40 40
42 24
50 28
2 2
6 5
13 16
15 25
31 16
42 22
43 29
44 23
46 36
5 5
6 12
10 9
14 16
20 37
31 46
13 31
21 47
28 40
32 31
33 27
37 22
40 28
47 29
9 34
9 9
36 11
42 50
49 26
1 30
5 31
8 47
9 8
10 11
12 5
13 47
22 22
30 16
32 13
4 5
10 9
28 46
35 33
1 1
13 46
17 13
23 26
25 38
27 33
30 8
32 22
37 40
40 16
1 28
6 5
9 38
18 19
20 24
21 8
25 33
25 45
30 31
34 12
38 50
46 40
4 22
21 38
23 4
24 7
47 6
7 48
7 43
9 50
9 8
20 36
30 39
38 2
41 36
44 45
49 18
3 7
6 5
14 32
23 50
37 26
41 36
4 42
6 7
9 19
13 7
24 39
26 3
39 39
39 24
50 37
11 15
12 45
27 34
39 27
1 19
14 40
22 22
29 28
39 45
49 11
1 1
4 3
6 16
18 4
23 43
37 38
39 14
47 34
11 16
15 7
15 4
22 17
35 45
38 24
39 46
41 48
50 6
5 36
11 16
13 32
22 5
23 50
33 41
34 18
36 22
39 23
42 3
45 26
5 24
18 23
35 41
35 39
49 27
9 44
19 33
29 26
37 10
37 6
44 48
44 1
6 5
8 8
8 41
9 8
9 21
28 10
38 9
15 25
19 18
25 38
26 24
39 7
8 8
11 50
14 20
24 33
30 15
37 46
38 48
43 26
45 8
1 6
6 39
9 41
17 42
28 9
29 27
33 9
37 30
44 37
46 15
48 50
10 9
20 50
31 1
38 4
42 30
45 3
7 21
9 5
12 10
19 25
24 50
32 24
35 23
47 27
48 26
13 20
18 47
22 35
28 8
34 22
38 44
9 14
11 21
12 35
21 20
23 16
39 25
40 21
9 8
16 15
18 6
32 19
35 8
37 36
41 8
42 42
44 42
46 32
14 14
18 47
37 38
40 44
42 21
3 4
4 9
14 8
18 19
19 43
19 13
33 38
38 22
9 36
16 31
18 47
19 50
24 35
34 30
35 50
38 34
49 34
3 3
7 35
20 38
20 46
20 34
39 30
4 13
5 42
7 22
14 7
23 1
31 47
33 29
33 34
34 2
42 42
11 33
14 48
18 21
19 44
23 35
27 37
35 41
42 18
46 48
5 5
6 47
9 20
11 17
11 28
31 23
37 31
45 29
49 4
4 3
5 17
10 9
11 17
25 42
29 14
39 50
42 38
46 9
48 31
6 8
23 22
25 20
26 7
28 14
33 17
38 10
45 34
49 9
49 49
50 27
12 13
13 32
20 26
21 18
21 18
42 32
49 44
1 21
11 27
27 42
35 32
21 24
25 6
43 17
50 44
3 9
13 12
13 16
16 18
19 24
20 2
23 18
28 49
37 18
38 5
38 9
39 43
48 21
49 36
8 3
11 36
13 5
35 5
36 48
37 23
48 3
5 39
7 30
16 19
18 47
19 38
20 8
20 35
29 25
31 31
32 14
43 20
44 36
48 13
49 11
50 16
2 48
3 41
8 7
26 38
29 15
37 13
38 8
23 17
25 48
31 28
37 1
40 6
48 38
2 14
3 16
4 49
7 10
16 44
27 40
31 32
34 28
41 7
7 21
20 45
28 32
36 2
44 24
48 7
3 3
3 42
18 47
20 38
28 46
31 43
32 43
33 4
41 6
5 20
15 39
23 44
2 49
22 22
36 26
43 37
36 26
44 2
47 43
12 11
13 41
20 29
20 34
21 17
24 46
24 10
31 44
32 34
42 4
44 1
46 32
5 11
17 9
37 37
37 31
43 45
43 13
43 9
11 22
12 12
15 34
19 44
23 33
29 25
38 30
40 32
4 19
12 37
14 29
16 50
21 33
23 23
38 3
39 48
42 30
46 11
7 13
25 21
31 4
32 11
38 9
39 26
44 20
1 8
2 15
3 12
8 7
15 23
30 37
46 44
46 17
47 19
49 44
8 17
23 36
23 13
24 26
26 18
30 17
8 34
17 10
32 24
43 34
45 33
8 10
31 32
31 20
47 42
3 4
8 32
13 14
19 26
29 40
36 17
37 8
47 36
48 33
11 4
19 37
29 4
39 49
41 22
43 5
49 34
3 42
10 17
10 10
13 33
17 40
27 27
31 25
34 28
1 49
15 28
16 12
17 35
21 46
24 36
25 11
34 18
34 2
35 18
40 46
41 7
3 17
12 15
14 32
29 41
29 9
38 8
40 27
40 36
48 39
24 46
28 1
31 11
37 37
46 46
13 31
18 42
21 26
27 10
37 39
38 46
44 34
2 12
5 28
6 19
7 33
20 16
22 22
23 20
24 23
32 17
33 12
38 44
39 8
48 28
50 12
1 1
4 42
25 1
50 28
2 49
5 6
10 11
23 2
26 26
27 46
28 12
39 37
39 34
39 45
40 5
41 29
47 31
48 25
3 29
5 5
11 31
23 2
24 17
26 45
34 49
42 3
42 38
6 27
19 5
23 14
42 34
2 45
29 3
37 3
40 41
43 2
47 19
49 23
50 21
13 27
19 38
20 5
28 29
28 39
31 28
35 13
37 1
39 35
3 34
3 7
4 38
5 11
14 16
26 10
28 47
45 31
50 44
14 15
20 48
21 15
23 13
32 19
37 17
47 6
2 19
4 50
8 32
18 49
18 17
19 21
25 35
26 45
31 21
38 34
41 24
47 24
50 10
2 33
15 28
21 27
21 33
26 43
29 20
31 48
33 40
39 20
41 16
42 47
44 40
47 15
5 1
6 21
12 4
19 6
20 36
23 42
31 2
44 27
44 36
45 29
10 41
29 48
41 2
44 1
50 49
1 35
10 9
23 44
27 40
31 17
41 21
44 45
50 36
2 17
5 14
10 10
16 7
20 22
22 22
47 27
47 22
12 7
17 3
20 4
22 22
30 21
35 19
1 45
10 42
25 44
25 23
35 23
39 5
40 30
43 38
48 33
1 41
3 48
16 33
22 1
27 1
31 45
34 11
35 36
36 38
39 26
49 13
9 28
15 14
17 8
19 12
32 24
34 3
46 38
29 7
34 24
34 14
35 16
43 49
49 15
36 27
40 23
40 14
43 13
43 34
7 29
43 45
45 37
46 20
48 34
24 9
27 22
50 7
6 5
29 3
32 39
32 4
32 31
32 26
34 12
49 23
4 50
4 3
5 4
9 48
12 12
12 5
23 42
28 28
44 28
45 20
46 31
50 43
8 1
10 5
27 50
29 6
36 16
39 29
43 27
3 2
15 42
17 20
21 4
22 24
34 35
36 49
41 7
45 24
46 47
48 5
9 17
21 25
23 12
37 36
44 26
45 13
49 7
5 35
6 8
8 42
22 5
27 37
32 46
33 8
33 42
36 50
36 47
38 9
2 19
3 49
5 9
12 22
16 47
18 16
20 13
20 31
29 17
29 47
30 35
45 12
20 28
29 41
30 15
42 17
43 22
43 39
45 25
2 36
4 5
5 42
8 44
10 9
10 9
30 24
34 7
34 13
42 40
48 20
21 8
26 5
27 21
47 50
8 44
35 29
39 4
44 32
50 45
6 43
15 14
16 40
17 32
17 19
25 8
43 38
49 49
18 34
44 9
44 18
7 24
7 45
8 1
15 22
24 4
32 14
33 23
41 10
42 16
43 2
48 49
1 33
8 32
8 7
11 14
13 10
15 34
17 27
24 42
26 1
26 30
27 40
33 12
43 14
47 25
49 50
50 40
2 16
4 46
8 7
9 5
17 3
20 18
24 43
24 31
26 27
26 9
27 5
37 26
23 20
26 26
35 42
38 34
39 40
46 22
48 39
4 5
5 26
5 12
8 12
15 28
22 22
23 4
27 21
42 32
46 13
4 39
7 5
8 33
20 23
22 15
27 37
29 46
30 16
30 4
32 20
33 34
42 15
42 5
50 37
5 7
13 49
15 34
17 34
28 7
33 34
33 50
41 14
46 31
48 21
1 22
8 25
8 16
14 13
17 40
20 10
26 45
37 20
44 42
45 18
10 9
11 47
30 41
40 13
46 20
47 25
2 24
4 25
20 13
21 48
24 16
26 29
36 32
39 2
43 45
14 20
37 3
46 25
47 35
2 41
46 29
49 48
49 14
49 12
12 40
15 10
20 47
27 28
42 7
47 24
8 46
11 1
28 50
34 7
38 30
41 11
42 50
42 16
48 20
50 13
2 8
8 44
10 10
19 13
22 49
25 13
34 46
38 26
46 47
7 18
9 14
9 11
10 7
17 1
18 24
23 47
24 21
25 21
29 12
37 34
41 12
49 39
3 41
4 5
4 5
13 24
20 43
21 16
24 15
29 31
30 48
34 33
38 1
38 21
6 13
10 10
13 3
13 31
19 31
30 23
31 4
33 1
37 22
45 36
49 50
5 5
8 23
25 11
37 18
40 19
41 16
42 4
43 35
46 18
48 37
50 49
6 5
6 48
11 29
14 10
24 20
26 25
27 16
34 42
34 6
41 24
1 19
2 40
5 17
13 6
18 36
26 3
34 21
37 50
39 21
40 36
46 9
47 1
1 12
13 15
15 29
15 33
17 37
17 8
17 30
21 1
26 25
28 19
30 49
34 39
35 26
36 25
7 43
7 25
12 16
26 32
35 50
35 3
39 23
12 43
16 19
23 44
23 41
32 33
34 46
36 3
41 41
42 5
47 50
47 37
49 12
1 35
3 30
5 5
11 5
35 8
39 34
45 50
5 46
5 4
26 45
26 35
29 18
33 8
38 11
39 27
45 9
45 38
49 21
5 47
7 35
22 8
27 28
36 9
43 15
43 26
11 19
17 46
32 5
43 41
46 42
49 32
2 3
4 15
7 17
10 22
14 9
17 33
26 37
36 31
38 49
42 25
44 33
46 33
1 36
2 32
4 13
8 7
10 13
12 30
34 42
44 16
5 4
17 4
30 27
44 47
49 40
1 8
7 37
7 32
16 30
20 30
21 3
24 27
37 31
42 39
47 10
3 4
5 45
17 11
21 30
25 8
30 2
32 37
39 40
4 4
19 8
24 41
27 31
27 43
28 15
31 20
48 5
14 36
23 20
29 35
31 4
38 14
41 30
45 7
8 32
13 40
16 27
21 4
23 1
24 35
25 7
25 40
25 37
26 26
35 30
37 39
40 28
49 17
2 23
2 42
15 43
35 17
28 26
29 31
45 42
50 35
1 16
7 24
13 39
36 43
36 11
2 30
3 17
12 32
20 49
40 10
46 3
47 25
48 22
30 17
37 45
40 26
42 43
50 34
18 18
19 4
28 9
29 42
33 8
35 18
38 19
47 23
50 31
29 3
13 6
16 18
22 22
26 38
36 39
50 2
1 14
3 21
5 28
8 7
18 37
27 41
31 32
42 26
46 37
30 2
33 9
39 27
45 40
50 12
10 9
18 18
22 36
23 10
24 36
29 3
31 32
32 32
48 27
3 1
13 9
21 29
36 8
2 11
5 5
12 37
21 43
24 2
25 10
32 11
49 38
1 43
4 41
7 43
29 42
39 45
41 17
22 6
27 43
30 46
34 41
36 8
41 6
47 47
50 49
1 2
9 8
16 22
19 39
34 15
39 47
40 24
45 9
50 40
3 4
8 7
9 8
14 23
17 30
19 49
22 22
28 26
44 42
1 23
5 23
8 21
12 28
28 2
35 47
42 35
43 29
44 18
47 37
1 24
17 18
33 17
49 30
6 12
7 41
7 23
9 25
10 47
11 37
14 27
17 1
19 3
21 4
22 13
33 29
34 23
4 4
6 46
16 21
23 19
29 33
30 46
36 14
40 41
50 42
5 41
21 49
27 17
40 27
41 12
5 18
12 21
17 7
34 24
42 31
46 39
8 30
13 23
49 50
1 24
4 9
7 3
9 22
10 9
11 18
15 50
29 40
29 3
50 50
5 32
9 9
15 21
16 47
24 37
28 6
32 24
35 35
41 29
42 28
50 29
7 33
21 31
30 1
33 23
35 30
41 18
49 25
38 5
38 27
42 15
47 3
6 25
8 8
9 8
24 22
29 16
37 13
41 24
45 31
4 5
6 5
6 1
9 8
12 46
24 16
33 8
37 32
39 28
34 30
37 37
50 30
7 40
11 36
13 6
21 43
31 39
32 3
42 34
43 19
43 45
46 35
9 32
14 8
14 18
16 4
26 22
33 42
45 46
45 29
48 18
1 32
7 49
8 34
11 12
15 4
21 2
23 4
26 42
27 23
29 38
40 14
47 11
20 34
28 1
29 5
31 35
33 5
39 20
3 35
6 40
11 19
11 27
23 22
32 21
35 27
36 6
45 44
4 5
10 12
15 12
15 26
24 14
29 2
45 9
3 43
6 48
7 20
10 47
13 8
23 7
31 50
33 11
42 34
19 39
22 22
27 41
32 5
34 31
49 45
2 40
4 6
5 33
7 16
14 1
38 11
41 28
45 23
50 33
3 41
11 35
12 29
13 24
17 38
18 37
27 43
37 46
38 19
4 1
4 46
14 29
20 20
40 1
42 49
43 26
5 50
12 49
35 3
42 33
45 41
47 39
7 43
12 15
19 49
26 26
32 11
34 6