3578
-950
3476
-583
188
5012
1422
13
8847
2419
5795
19
2348
6212
2
1886
7456
7224
7295
435
4924
7797
32
378
7912
8
8519
9993
6119
-1169
24
5458
1
-350
5175
-140
1741
5022
8842
5274
1908
6266
4920
11
580
3972
6269
3937
7461
7888
3965
3
6432
-1385
-1402
381
-2179
-883
3971
-272
1934
5408
597
6186
8998
5079
9308
-1312
4075
4621
9459
6848
5144
1669
7804
5689
45
1571
5993
5678
8889
22
5412
-165
3634
7788
442
2527
1058
1953
6184
371
7242
9473
5182
1189
5509
7870
7942
-1657
3111
4652
9078
5763
-1494
6019
7942
7759
2553
7948
9292
5393
-193
3735
5650
9999
42
238
3417
7917
9277
6194
-395
9500
2525
4628
2008
3077
3823
1026
9212
2508
2100
313
-211
3950
3563
5082
7031
26
8292
1603
770
4440
4099
-926
2241
5574
697
803
1022
6198
-1882
5065
6865
6425
3451
3513
-1567
-1294
-1272
8673
1658
1985
7102
2401
7946
5625
-40
7777
-1870
8207
-111
-320
26
9306
6094
-1917
-223
6231
-455
-929
-641
4853
6142
-131
4033
562
7444
3326
-1427
-1366
4940
6789
8568
-340
3906
3191
6196
9448
-2179
47
21
533
-1766
-1838
-775
8290
3252
304
-1271
1023
780
6741
7440
-504
1418
8422
9360
741
398
7377
-764
2531
-2077
1631
3210
102
5441
174
6314
-1856
4054
4417
1167
4766
8262
5052
3501
-932
15
-1503
522
9461
5569
4779
2732
1786
1075
456
3809
3411
4341
526
7995
7037
8037
5775
5072
9390
-2027
9013
4040
358
2391
2456
5492
9272
4939
3909
9330
-1914
7321
-1387
4607
986
1368
3781
4539
-1288
-1903
8573
2434
-1280
3514
1836
1151
2291
6979
-1837
7707
1034
526
5159
-1492
8793
6117
-1812
3983
7007
5006
636
1442
8434
2958
5393
1116
6196
4657
4858
-2006
2054
5517
3462
4850
8800
313
-1129
-1203
9997
8075
7945
-1830
519
7176
9152
5194
6371
1711
-1208
6343
-1979
-1577
9380
1319
405
5761
-231
7149
4996
2762
-766
1021
5047
3358
9331
3519
7663
8276
9427
2369
4776
775
6534
827
4162
8863
9044
7273
6847
-1226
2951
3646
5401
-14
2390
4675
7307
7230
2694
5437
313
7427
2082
-26
6622
-2007
-2174
8651
4258
8248
861
1587
6497
855
929
1898
5966
232
5275
3429
7500
4584
-843
292
3547
-2094
-2073
9223
5777
3404
3188
3435
9020
5588
4140
3231
9386
4258
8576
-107
-1913
658
8919
-397
-1411
9029
-418
4370
-2208
-1364
6744
-1282
-220
6161
1780
-1095
7541
-222
9148
6411
6307
8678
49
9019
7191
9246
5678
380
4437
5980
-548
8021
-1018
8137
697
9316
-1819
8180
7289
6507
4607
-1693
-985
5399
1767
1708
9260
3412
5377
7343
3035
9027
3086
6990
6321
-401
6046
244
9261
-1269
-987
8187
4022
-1137
4382
-53
7525
2913
8111
-1283
3377
4392
4305
832
2647
7045
9418
592
6522
-527
5952
748
5910
-785
5651
-221
-1673
7168
5980
5465
1507
716
9406
5756
556
5089
6447
1915
8499
4129
7404
1768
2065
300
249
3435
3363
8967
4418
8382
8346
9218
8654
7971
7442
5851
-2102
7186
6893
1970
-1002
6382
3069
4164
-819
301
6517
-939
4832
9105
2073
-2142
-132
7619
-288
653
4365
6302
6553
-1668
4150
7426
4993
2468
7385
3497
383
7970
4521
8595
4663
7595
-1994
-1667
1399
5067
7769
2409
1753
8415
736
-2122
2337
7977
6121
2411
9294
22
6269
-1214
2911
6124
-2010
-463
3674
-1178
-128
-1133
-950
7662
4508
8716
7611
2724
9069
6280
6682
3651
8138
6225
2193
-376
5206
998
8328
5197
5533
6827
8036
7263
3072
6659
270
2688
1702
-128
-1734
2821
7707
-514
1893
5330
3451
5029
6179
3528
3363
2271
-952
484
2283
7333
4620
2170
367
4479
8491
6847
-1768
4606
-84
9128
2657
2890
9146
-1611
5909
3327
9490
-10
457
66
5595
8817
-1960
9442
-1198
5729
2394
9179
5306
-165
9344
-1705
5309
4237
2461
-1552
319
4155
7094
7468
1098
7914
-30
-493
-1683
6586
5260
-683
1332
6358
1086
2254
3802
5265
4925
7909
1133
8148
3417
6459
9105
6053
6093
1315
-1385
1642
43
6265
122
6054
-878
4302
4056
242
3571
-316
-461
6452
5308
741
3363
5661
4462
-380
-1454
4395
8618
-1015
5449
7783
4113
-1634
4359
3728
-904
3374
-1586
2721
3531
1650
1323
-372
5010
-300
8767
-455
2955
749
6303
8345
4137
-1090
6043
-1037
523
-1521
8647
-1814
6667
7283
2475
-535
8257
3985
6824
9471
4960
2112
3353
-1550
1197
7945
753
3817
4415
6513
8625
4034
366
4269
4009
2836
1440
7103
5950
276
8534
9359
162
1008
6824
6227
2656
-1172
2930
208
3527
-894
268
7632
8236
1632
9180
778
3067
-2205
40
8319
5921
63
8745
-903
-158
1832
6289
9317
5808
8081
6735
5946
6722
830
559
7980
1999
3998
2669
7138
4490
4949
8222
2514
4518
8023
7574
2895
8473
8496
-1384
741
9406
1137
2834
-1047
-702
8838
8501
5677
2172
6184
3997
5869
4863
8877
2975
7051
8090
3449
3265
-278
-1015
1665
4286
1469
3521
1142
4487
7763
1834
4393
-569
6743
1337
5400
4591
7618
9172
4483
-913
8810
2827
6294
-82
3675
5220
6335
1593
-2013
1938
3901
-1150
5575
6531
2432
-538
7504
3248
-2070
5275
774
-1315
7040
6760
-371
7576
9113
120
1011
7896
6592
5134
-1954
3507
-122
8258
-1011
5128
9299
-382
1935
3332
3667
-1217
940
-1499
-661
8243
6035
6333
4499
-2076
5372
5246
4734
-273
-2206
-461
8998
-344
8731
8475
9
7939
6235
936
2561
8749
3950
1736
7956
3946
483
8975
639
6603
5654
3397
6895
-1321
5671
6196
-863
-1746
8226
1300
6556
-1055
204
4669
5817
1963
-1194
2665
-2035
8638
-589
3455
8359
1355
6431
-240
8460
7733
7829
4450
3962
2624
4096
5591
4412
450
-627
3659
7160
7864
7471
-141
518
5442
5824
6470
-1317
-1998
-1856
-324
7563
-594
3959
7385
-474
3974
5699
-2053
514
4960
3022
3103
-1036
1103
8433
5649
-11
2483
1937
4331
6981
6825
9019
4757
-806
5132
-817
4870
-1744
1608
-2176
6451
2225
4716
9040
7986
174
-751
1923
8222
1657
5929
3661
3914
316
2997
2205
8108
1575
3229
2451
499
4630
7980
7586
1197
6008
262
106
392
4047
8798
833
5895
-1705
8275
6465
5771
8635
6144
6501
8239
-12
8059
2468
7174
-2110
76
8177
2014
6571
9188
5484
-1116
-538
2815
5951
-1749
5242
1951
9019
6909
9370
2986
8096
8008
6393
-1837
7558
8943
3734
2305
7370
8557
8053
-1141
1066
635
173
3264
-961
6567
8979
7370
-2016
-2012
7728
-102
4063
8468
8222
8643
4150
7007
5145
4664
955
1629
5678
8820
6177
3621
-437
9174
-188
7157
4095
2116
8829
13
6988
754
-290
1996
-399
7025
-2166
7744
-1375
8790
1000
3020
-2080
2760
4900
5955
5417
2820
-1635
5678
9165
4274
6576
2373
-1682
-1941
185
235
1098
3251
774
4412
-1660
2006
6131
2475
4218
951
2817
4515
2191
4247
4330
4327
-1607
9420
1337
-299
6865
2262
1530
-2136
-1519
292
1086
8173
4836
-2217
6728
8742
8316
4889
7290
2520
6982
2583
6807
2715
2242
4090
1491
8908
8011
8396
1514
8710
-210
2013
3968
569
-1827
5215
-645
3537
1122
2187
-281
2270
5358
6947
5343
5042
9479
1061
7079
2056
9403
4963
4979
3727
743
7619
-738
7747
-27
8647
3775
8844
1355
8824
1166
1170
3165
2582
4629
2157
6781
46
1370
8907
1677
5505
1853
9147
3932
4182
7770
7677
6505
7798
7830
-1400
9479
-1727
3723
2563
4290
4703
3314
42
238
7257
7167
3934
3833
7972
-488
2636
-1499
2831
1387
7670
138
72
5635
-1674
8875
4248
3
4200
2625
3036
5009
5656
1680
1743
4132
6003
2966
-1944
5681
1884
7157
8163
4986
2323
8326
8087
498
3430
5145
4569
8559
8118
4568
1244
-785
1084
1888
6714
2347
8424
2367
-1559
6332
-976
2899
9034
5457
9381
9147
9201
-487
2254
1361
2562
5677
5859
811
2413
3227
6041
1205
8270
9228
4779
7729
-1294
6731
-2063
4624
6413
-558
5488
7318
5384
6726
3882
2529
-2152
5534
4816
4011
7805
2025
3002
479
-119
1714
5752
9122
6986
-27
36
369
-283
-172
6885
4270
2434
5618
5528
6475
3056
2202
7349
1057
3087
1884
9322
8995
1198
-1871
6063
6011
7832
6848
2924
9087
1911
3383
2060
7890
4279
3546
7051
3995
-315
4647
383
4490
-1073
8563
1988
1306
3097
8749
4531
1965
-1972
753
3377
8424
-399
6862
6339
5137
1299
923
1917
6532
817
982
7807
-1395
214
2442
5180
7394
-2057
4466
3425
7696
-889
-377
214
3763
5061
3881
8686
-2015
6526
4629
143
903
3130
-1336
-40
1107
2623
2445
3864
-734
8742
-541
8653
5986
8807
7966
975
1412
7930
9241
5977
1589
8280
412
3330
-770
4841
-2203
-1225
8453
2368
701
8599
4565
9497
5134
520
8947
4377
2162
2221
-1016
1362
340
6370
1969
7978
7179
567
-1480
6498
8188
-1774
5706
2597
7494
5926
6905
2348
4929
1363
-1857
8279
8996
3359
3503
2667
3293
8098
347
1680
3588
205
3588
7860
6816
7159
-287
4183
1983
9483
8900
6587
-395
6521
583
7524
7993
3267
3569
8713
255
1862
1914
71
-2225
8640
5640
-1267
4716
2465
1954
-1532
5951
7046
4183
2913
800
648
5021
4288
7085
2965
1528
4805
1154
-1127
-340
1066
8071
9178
3987
-1846
4261
-1558
-38
3310
6598
8443
7168
4586
4268
9330
6161
-1635
5410
6181
3568
8240
-1795
5800
-120
2127
4388
1732
-2119
2361
284
5193
-1667
-599
6746
8584
-1011
-1575
1058
8981
162
2187
7800
-832
7980
-2069
-757
2708
1498
3090
8603
742
7726
-2054
5567
8171
1944
4400
-719
7870
569
3830
4137
6921
7841
6297
-618
5946
1355
-2165
1867
2353
5175
-960
6817
4653
-1408
3590
7182
-766
-91
5837
4041
-16
3121
-985
9306
9304
9198
8538
5623
594
2200
4706
3264
7633
5591
6960
8810
9327
7286
-1180
1449
2814
-984
-679
3639
-699
941
6481
5812
8955
4948
226
3841
2583
9481
4414
6441
118
-1233
470
6109
7463
3192
7819
-2062
940
6940
5450
5213
5946
3667
1276
-373
5752
3754
-895
420
4734
6743
2854
958
8278
7260
6863
-1436
7411
1234
2577
5863
2679
7
9478
4252
3333
-1163
4631
-1840
1878
2970
425
855
4486
8712
-1836
8624
-912
5469
5813
6687
2867
1968
5573
-1871
3519
3513
4123
1734
5947
3610
9282
1057
399
6970
9073
3222
-1664
-474
-1820
43
8834
6695
4927
4214
5668
404
4087
7364
8860
2949
-1909
5140
7670
2507
4976
5319
-312
-665
3707
-802
3968
6586
-2001
-1840
12
3005
5898
5597
839
9022
5840
259
-1316
1795
5498
605
3466
3352
7614
8537
189
6766
3192
5365
6202
271
3310
-25
5564
-945
6851
1344
1585
-759
5058
-2153
7419
678
-405
6561
8177
7737
2666
-516
8055
3526
2624
3368
6013
2660
4542
8138
7653
7222
-1935
9002
-1161
4062
-2128
2399
-1169
8675
-181
2477
-1045
2849
7226
7399
1160
8423
3356
8862
-473
-1032
5963
4661
7617
5778
629
5526
2975
7848
2552
4162
8897
1847
5004
487
1694
5264
6161
8280
1857
1785
-858
8944
1306
-400
533
3363
2260
5149
5502
-1049
3812
-176
2465
6938
8309
6175
1882
2787
8311
364
-1949
5551
8247
-323
5905
4346
-1179
8252
-1259
-578
6666
1457
8232
2666
4819
7210
3018
6486
2196
-1293
1018
5088
3235
2300
5114
1765
7178
-1909
-53
-502
-624
2676
2578
6273
2520
8460
7615
6020
1631
3955
3272
1227
67
244
7154
9458
1322
4541
5908
-2206
-830
1290
4538
2972
5485
6527
5315
-269
5320
2773
7423
-1445
-1968
7401
8502
7478
7416
6218
2285
997
8734
7265
9245
4443
212
-1412
4368
5020
843
-72
5402
-1895
-1041
5613
4138
1773
4851
1695
3507
6217
8308
385
5530
2615
3893
4749
8692
6920
-1446
527
1140
8582
-1737
-2127
2615
8950
8109
-1081
5528
-2095
-8
2022
-306
9006
4352
8508
7403
1078
-59
4893
8342
77
-1840
7942
8640
-1680
876
3919
3056
2561
2549
749
-2209
8570
3297
8485
2597
1877
1333
-634
4132
1775
4448
8961
9198
4981
674
5937
1121
5127
5176
2565
-580
3714
1888
6343
-411
2865
2641
7091
-2070
8491
-1421
-1126
6352
-1305
-2116
3776
1530
-263
9312
1330
6264
5459
8111
5316
8525
1563
3448
2337
2701
7018
1348
1755
9090
6989
8637
-1013
6316
2156
-2052
7733
1973
-461
4874
1383
5117
4741
9046
8844
5378
-818
4140
1348
432
4187
-469
3521
7471
455
169
6297
-2105
8360
7067
8074
4152
4629
5470
8385
339
1327
-873
5951
7172
3123
547
5264
-1963
7893
9093
2339
-319
508
8577
-622
4092
3743
8124
3014
8759
7407
7642
8088
-683
2955
8232
4628
1685
9050
729
4592
-2065
2123
7311
4088
1389
6786
-1941
8792
8322
1670
5265
3970
-712
1959
2720
-418
2620
6149
6951
4373
-502
4964
3653
8420
-975
6759
9387
1396
7077
8556
4689
50
6471
9188
6888
3728
1220
-1217
1013
9408
6476
1442
3910
4581
-234
434
-1156
3368
4674
1715
8913
3153
174
4937
128
-1414
-914
1551
-770
-286
7523
595
921
7040
8288
2909
4663
4532
1004
2609
4912
-550
3068
448
9273
1559
-912
8373
7556
4772
3394
4671
3175
2060
1182
-316
-1745
1315
1086
8309
-705
7899
-1806
551
9038
1243
3297
1563
3226
3791
736
-968
5837
4915
3073
4774
3602
2243
7513
4634
3528
-1500
2965
2622
4483
976
-1669
2553
2822
2552
-1424
-457
1127
9064
-1481
1886
5084
8076
4338
9267
8090
-679
-777
-2060
6673
4020
8716
-243
8098
8519
9457
4724
-1322
-32
9056
6596
-538
1619
3490
4212
4386
1149
2215
6082
2518
6002
8374
4043
8227
7266
7409
2800
-1516
5759
-2104
7952
8389
3310
8434
4333
-2167
6719
8957
-1855
-640
3835
2513
8524
4505
7190
7784
24
308
4049
7757
8773
9415
-1297
-801
8861
3709
1380
5997
1833
662
-694
1038
9485
4187
1813
5553
3731
1948
1484
4027
7952
3917
3316
7275
7768
5529
1263
1433
4503
4707
-1808
-871
-130
261
5405
4594
-1407
5998
-1559
8620
859
3879
141
2500
7442
1195
642
1960
672
8528
567
9485
1741
-84
-729
2141
8402
1191
542
6514
7151
1309
5841
8713
4459
-2168
2425
-494
6916
5856
792
2093
2285
3322
-1047
2573
8669
8665
9365
-935
6604
1250
7697
4468
1945
6137
2397
4407
3388
4110
173
-1972
-1594
-2097
2364
-37
3696
-1261
-2132
-1009
7658
-1234
3238
5310
3156
5453
1313
7531
3597
6931
2252
3501
-609
4308
632
5843
2709
7915
5013
3621
1990
9018
-1516
-491
-1318
2156
347
3590
3029
-1882
2219
7416
628
7089
2114
2099
-1808
5323
6491
782
88
1986
3046
371
6003
6777
7769
5659
7832
6438
8944
-986
3158
8001
3141
-874
6154
-1142
898
7007
6901
7478
-1967
5106
7188
7554
170
711
4484
651
2092
2247
-400
8998
346
2011
1481
-909
-360
-234
2626
-2009
-267
1871
5940
9199
-117
8419
-920
-1076
6397
1246
112
-1427
4897
1207
1517
3363
8497
4850
-1422
8414
-1251
3740
-1853
4638
-523
2800
258
990
-1273
591
-14
5749
6559
4021
-519
5889
-446
8812
628
2040
7357
-1384
-2092
2097
5640
3820
193
2794
1430
4749
-1820
1395
-570
3281
6522
8089
9357
5527
5773
-968
8731
7512
-1414
232
2489
8719
-2022
-547
-1636
-100
7814
7896
486
8058
2961
6164
3192
5023
7262
5770
4973
6474
-526
-1124
-543
5866
-1603
7620
7368
-1667
-542
1214
1776
-278
-658
2018
1263
6384
8978
3660
4257
4045
1502
7993
8801
2873
4278
5723
7916
5309
-1303
3435
6250
2351
7662
7290
4075
1487
4839
8251
8928
4167
8928
748
-805
4751
-1247
4367
-1436
4563
2191
872
1638
3701
1800
6119
639
9439
2023
5288
8192
4559
4118
-2006
4896
-1671
2280
7084
7146
6117
7235
9158
1908
6958
2154
7913
8798
-2016
6238
4942
-634
4277
-2110
2049
3788
4519
-322
2589
3559
2247
-1610
-243
8424
1840
1813
1899
2978
5191
1747
2085
759
6337
7000
6751
-1881
8249
8142
8651
5429
3756
8381
-181
7764
6720
9102
6907
-197
2578
5582
5616
2200
7724
8747
3344
-363
3049
2947
4342
730
-1312
497
-830
-1327
338
-1330
569
3871
-55
-980
-1396
8862
6445
1115
963
729
3231
7990
-2176
9103
5879
4531
606
-879
4799
2371
-179
684
5616
9282
6765
2352
-787
-215
4656
3309
-946
-2044
2035
5150
-2220
2789
-265
6880
-1701
-184
-1129
-244
7436
7468
1464
8334
4730
2436
-1829
3436
5090
4249
7666
-1925
6163
5869
-591
7178
372
861
1887
8157
6414
6387
3335
4629
2881
1973
8177
9479
1902
7520
1015
2231
-2
2941
3737
538
8429
5300
2153
7016
675
3925
-1480
-2149
9483
-1864
-201
1067
6223
811
5623
454
5094
5447
1249
-723
-1786
-93
8295
-1404
4297
1688
-1202
3199
6574
7250
-1643
9327
4083
4396
6218
2885
2703
6973
3480
5718
6558
5883
4768
-769
8006
-583
1539
2928
5369
942
5189
6732
-1492
3034
1643
-835
1546
820
1473
5548
5257
1333
-596
2339
4540
6226
-791
1961
9282
1265
-1856
-1383
-671
6715
-664
6151
4412
3507
-381
5681
1899
-805
3789
8101
2843
3771
5473
1000
-315
8822
7339
8712
-45
1614
7477
-205
6390
3366
5304
3480
5537
1478
6598
-1392
8161
2689
5020
-1754
7520
388
2712
4918
-993
5472
8618
8751
6564
-1656
455
1755
1225
504
-511
6336
605
9329
-131
319
29
1229
402
-1065
2561
7783
7484
6241
27
6508
7852
6352
379
8229
9171
904
-1847
37
3006
229
534
3227
3554
27
2145
734
-1353
6828
7731
7595
7619
36
95
4105
8617
-951
19
7994
6553
3002
5793
3454
5431
67
623
3315
9995
3542
6168
-274
3939
-684
8155
11
6987
-2041
5567