500  
7775  8394
8282  9200
9782  4635
3578  7306
8871  3166
9191  7122
7956  8190
3503  9474
3871  2222
6745  4315
1124  8966
5727  408
490  6523
7957  1957
3799  1875
7009  4584
5928  8886
5098  9865
1190  5376
6735  510
5145  4743
3307  8069
6787  837
4930  9171
4468  9704
6530  6769
1383  4780
4932  4516
8586  2516
5800  8626
618  2905
759  146
4621  5937
1217  4501
8380  2208
5458  4945
9852  4597
5042  5728
625  9588
6422  9383
8773  7551
6465  8548
9943  3481
8628  3754
3892  1245
6492  1031
491  4353
3642  9273
7482  4478
1072  9270
5642  6753
4688  1441
110  2373
347  9027
475  3571
6590  8209
7838  5382
8959  1279
932  6675
7782  3686
332  20
9897  3842
9650  279
9803  9288
9690  5145
7625  4149
8217  9250
2779  9184
1455  2252
2636  6618
5192  3006
292  5659
6860  9423
3631  9721
2582  1156
3264  1549
8437  3381
9188  3255
2544  1497
9827  9522
1095  5893
3294  1536
608  5282
4732  3975
4979  8434
6873  3132
713  6709
1169  1998
8760  7347
9672  1431
2748  3910
8513  983
5483  3441
6691  6154
3328  3754
634  8422
7874  3999
3434  4575
7972  785
999  1151
5424  3726
3593  2738
766  9221
9156  4394
5515  3253
4565  4323
3451  6894
9944  9218
5064  2890
4855  9359
4541  5045
1137  7603
8814  2645
1549  9446
5427  1347
5920  8853
855  9708
2118  1823
8602  8394
2586  5310
5943  3482
6103  3023
9053  6964
8590  7652
7226  5577
7684  7849
229  616
9743  9987
6259  2026
6717  6055
1271  9546
6472  3639
913  4925
5080  641
5177  9327
3296  2794
3698  6002
2024  1201
4909  547
9124  3566
5962  9275
9569  6964
1124  7525
9280  7463
6848  6993
8635  308
1394  8422
5412  4275
5158  5485
5091  1523
2041  7278
9115  9940
9564  3066
4508  5863
5837  6046
6568  7772
8862  4981
7891  48
6532  1377
7626  9239
3100  7588
4934  9837
9697  3794
1064  8135
2500  2028
2567  1632
6360  7277
9072  2196
5213  1020
4719  4625
6319  3085
580  7301
4786  4446
2430  1932
5128  2959
4038  9849
1839  3949
6917  1779
207  5521
3940  8083
4289  6859
9268  6741
7874  1461
7582  7652
4180  2363
3061  8843
7799  9838
9629  1010
1136  4964
5050  9524
3428  9239
5939  2071
695  8547
6512  5633
8272  3264
7190  5206
2454  7765
2952  1802
1685  526
9583  7347
6696  8627
8365  70
12  1345
1406  2701
6383  6113
9064  9331
2265  4560
6643  6516
5590  2473
1444  44
5554  6628
5954  376
4716  9671
1437  1950
1340  7346
2723  3608
6884  5294
6865  8917
1325  8173
712  4977
9853  9605
3544  9038
8859  9174
5928  3425
3074  4910
1833  4895
3978  9820
434  5628
4536  5776
8222  248
7341  5445
5234  9291
220  5894
4461  5065
3623  1066
660  4865
7671  9619
9630  4907
3649  6223
7755  3287
8892  619
5156  8175
3  4643
2706  938
5282  3759
1369  1219
1323  7943
4739  1988
1790  7048
3409  3435
98  4105
8477  7539
1908  5928
692  8408
2566  721
8448  3752
2931  7229
8495  4526
9343  8523
6450  7257
841  7085
408  5178
7269  8616
3976  1845
5079  150
1246  4636
2100  347
2666  3692
8259  3243
8410  676
7062  8427
7351  2448
7715  4656
5490  8981
3378  5875
9310  8047
2535  7048
4953  7405
550  4491
6521  8251
5964  6226
3840  2862
2120  1207
9379  1763
378  6675
7854  701
7037  5504
2244  3823
4018  5445
5643  3359
7137  3907
2590  4387
9263  9760
8392  8937
3062  1156
3977  9197
9548  2198
1304  9833
9425  7611
7132  1317
672  360
4585  3489
4601  491
5902  3058
3387  9796
800  1620
2244  4475
9643  5655
6560  1352
7188  3505
6211  9062
3460  4169
5197  4036
6496  8048
5391  8363
1699  5885
1957  687
1347  2315
3997  9499
8757  6613
5501  8773
6542  2947
7406  3869
5049  389
4977  2252
8927  4595
1508  5531
952  2468
3664  2079
8818  3401
263  3610
1275  9758
2037  5660
3584  2501
1331  6331
2804  8937
7215  5994
5487  4714
9  7019
2263  2404
2896  3150
6100  9560
4385  9335
8366  9897
8877  284
5184  7699
9437  9349
2263  775
2027  4742
6646  2867
9455  6235
7499  929
7146  6244
974  3376
1084  6305
1260  880
6168  9297
7228  6338
2036  9223
1083  5419
5169  9793
2329  6239
8889  7563
6024  5588
7918  3028
4274  1158
6258  9955
9569  9200
6765  7160
6163  4633
7862  7306
4413  8485
5561  6827
3458  4558
5386  5367
9378  6442
9505  8275
9417  4336
3180  4871
2626  8869
6719  1698
1843  1324
9890  7635
7128  6284
9623  1209
4951  8558
987  8730
6825  4092
6030  1657
7461  986
6040  392
1671  9595
6028  5043
7448  6778
1713  5028
6099  1103
8329  9882
4722  6967
5820  3009
8916  7127
4148  7742
2797  9370
1623  2700
824  5600
2574  4781
349  1458
6534  6845
9940  427
1165  5424
9636  9644
7362  6339
7208  9053
4416  1559
3930  2767
601  1205
1380  3314
9427  3685
1685  6409
8470  6204
7244  1913
8405  657
6843  6383
7768  5442
9264  3187
7362  1998
6494  3120
4092  1756
5662  9930
6357  5745
4382  1407
7190  9063
5106  5253
9613  3978
6779  9952
2750  860
7817  7738
2140  4146
9274  8214
6881  8735
9219  4733
6257  5462
8038  6984
3661  8458
5186  1771
2361  157
8728  3166
6133  4103
6477  760
7677  8218
5275  7118
8971  532
9879  5995
4849  148
1238  9964
2387  6497
2459  2600
3923  806
2732  966
2287  8547
4774  8289
5191  1263
3924  9431
989  4749
5636  3456
6237  1565
9104  135
4120  4507
6827  5696
761  5386
7063  1349
20  4513
1492  6371
7545  8481
6531  2520
262  6771
1470  2746
1086  8689
3768  2884
8344  5339
3310  7904
405  4181
7946  1628
3079  2517
7237  3757
5515  3617
6176  5910
4799  5813
5056  3839
1709  3249
5264  6299
3856  1516
2705  4043
5233  4483
1415  690
1781  183
9554  7160
5207  305
1546  7877
4218  9547
6703  3265