500 
9752 2410
2270 8159
7134 5264
5790 8095
1627 698
897 6368
149 1865
587 3703
65 1777
7040 8760
4139 3711
1256 351
568 1249
7888 7498
4956 6510
2064 9384
5762 2140
9971 2654
2001 3935
9365 8304
2057 9724
1482 8054
5243 5163
4730 5319
9526 6744
4101 880
489 3801
193 7314
1993 2918
1169 6123
8220 4937
9205 6785
8899 2884
4192 5929
6896 8000
3307 969
9977 6356
7364 670
6175 133
9464 8757
7091 422
9452 485
4260 8847
9688 3942
418 6047
92 7624
6812 2793
1960 5960
6274 3471
5099 9652
8982 1985
822 1560
1099 4886
1026 2884
7096 5939
2277 1293
7172 702
832 8624
8999 3019
4021 8657
320 7499
5255 1662
250 6784
6463 4971
9823 6596
1679 7357
7699 5966
9070 2939
1219 3279
3490 636
6140 3497
6092 6449
4516 6214
5883 7752
3922 3047
4759 5667
7103 2822
9393 7064
9721 5847
9229 3252
210 9343
788 2657
7257 7322
3824 8455
7409 3683
1934 3152
7152 4227
1924 1699
7017 2094
407 452
612 1606
6480 2005
8938 6811
6362 3280
8743 7812
2456 1543
4095 8379
5738 7949
3970 3870
5948 7349
1530 6349
7761 3421
9437 7167
5246 7023
9872 8343
9453 3597
4840 3308
3732 3792
175 550
4700 6473
7316 7692
999 6888
1036 8079
9239 9677
9045 2194
2966 1580
2193 9242
4970 6002
1051 9941
4783 3172
64 3774
6012 8570
8382 6611
6253 7300
9025 804
2233 1443
8842 1535
8172 192
6028 244
2679 3038
9496 436
6701 5024
2903 9485
9128 4033
2180 137
6425 509
2447 7261
26 3914
923 4323
3311 6296
224 872
9042 201
5817 3606
5966 6583
5451 4639
4158 2470
7943 4649
3916 5081
5489 3372
2405 4987
172 5743
4096 6047
8748 6698
1151 9655
6781 3870
6997 8838
1236 4638
4596 1952
9061 5914
5310 798
5035 8706
1388 2240
1908 2314
5528 3066
5908 9619
1499 156
1392 2021
3707 2896
7437 771
3508 2240
1559 1158
3715 7751
3194 4379
5602 1736
4925 6799
3210 2238
4166 3727
6318 7016
5586 376
2078 5572
5759 7103
110 5525
6999 5112
5624 972
8789 9841
4382 489
4095 1815
9542 4412
1484 6566
8898 1842
4171 7858
6355 3648
3714 9363
9268 2285
874 7112
6010 4142
9108 5984
3578 3509
2524 7556
1822 9239
5692 9158
7252 7522
6761 6304
2658 7401
7775 461
3244 7293
1532 5550
8640 2967
8118 3020
62 135
7421 3030
6874 2083
5762 5958
603 8505
660 8580
6763 3924
9899 73
7048 6431
6379 8678
4011 3147
4663 7763
5606 5745
5084 6740
8510 2433
9445 3780
1418 500
2947 5460
4760 5057
8965 2614
8901 2470
6096 8462
5351 6320
9145 945
2773 9212
51 731
6612 4604
4441 4261
7719 410
6131 319
7907 2274
5051 2228
5043 8384
3385 3477
5943 1148
5423 7355
3908 2578
6128 6975
1772 6380
8641 5866
2693 6822
6717 4287
2845 9202
2301 5800
667 9789
4317 1647
3965 4237
7674 3568
9063 2872
3811 8099
2206 339
5111 1736
7467 5489
6131 8320
7367 3990
8273 4462
7125 9413
1595 6410
3804 9650
522 9070
4109 1405
3434 1077
7381 5801
1023 6120
8918 5719
7167 4293
2642 5563
926 6026
595 1380
1109 1752
1802 1167
1661 6697
7367 263
7675 7758
3818 3859
9440 2021
1387 1152
6101 1147
5390 1386
7717 3777
2712 2322
9965 8775
7769 1027
3011 6749
8957 7151
2983 5012
4855 8649
1925 7211
8137 4189
6070 877
436 862
5973 9549
6797 4432
40 4238
9806 4721
1942 5986
5275 5443
9803 9011
1686 7611
4034 84
91 4989
1502 7014
907 4465
3569 7927
3535 4870
8049 2208
2945 5576
6670 6687
6218 9432
5778 7890
6296 3308
1237 3669
2219 506
2531 4557
1076 2485
8078 82
6517 2566
1748 2352
1826 8332
7718 8303
2256 4220
4006 5099
4194 3300
2631 3304
2998 4860
3353 9869
2366 3691
7689 5020
8454 8258
8350 7107
9724 4486
1461 4187
8989 3208
8471 520
102 8799
8189 1181
9250 7164
6020 1074
9100 4102
4474 8169
5930 4960
1781 5795
2435 4146
4009 8761
6063 2046
1467 400
2718 551
8882 9737
9549 8254
1319 7964
2769 5616
3506 5754
4994 3988
1644 7434
3395 2038
2365 1431
3638 6162
3709 853
7740 9825
646 965
5009 1933
9621 2214
9615 958
6152 1173
9059 3254
3612 8994
6542 2382
625 7157
7456 4806
2255 1578
3472 8412
1472 2382
7490 1996
7821 5563
8367 2556
2681 6207
5971 1000
93 576
1887 9340
5625 2963
8730 6867
7975 341
2235 3243
7034 2532
3424 1544
4870 9279
7466 8488
3207 6423
8055 8547
9237 2919
8674 8912
1182 1455
4820 6545
3611 9781
8956 2101
9256 1504
5718 1696
2297 6371
416 6332
3650 1326
8720 5697
9180 5806
5189 5161
9577 6810
633 696
2860 337
9686 1932
9634 3161
2538 948
8988 6821
4642 6062
435 4677
6142 8753
8194 2873
3302 4262
8582 4509
3813 2921
1852 8381
8333 2935
7882 2411
6346 2380
3022 3345
7748 2964
4785 1054
8536 59
8013 8134
6428 4772
4023 6973
9056 9311
6134 1458
8385 9836
1011 7819
4135 9543
6094 2791
3795 8623
8288 5931
1852 8688
2872 1864
9555 1931
5367 6865
1382 9827
7507 5074
5462 406
846 1317
9686 8790
4907 7355
7204 3379
407 8868
9978 6394
8779 4919
492 6979
6495 3806
2143 7072
2215 9891
4473 182
3364 1343
5129 6348
9465 9376
6369 8540
5427 1847
3025 1219
1283 9123
6574 7663
6388 5867
5572 898
6431 7376
5833 2738
6549 3224
7905 4290
8612 6073
5557 6222
8389 8707
2304 3893
8700 101
6613 9043
1814 1446
3619 7093
1000 4811
9422 3251
8857 8336
4836 3859
5605 398
3167 8247
1059 7249
7797 918
5898 1459
7877 3247
4349 8443
740 3678
7786 7923
645 3369