150
17
1
179
288
9122
333
1792
269
4195
18
6556
2822
1421
347
233
4942
43
5606
453
2
448
1041
161
9075
7036
55
9158
705
4765
532
4680
2132
111
7360
66
23
2361
76
3488
4904
2
829
8374
300
8950
1429
4394
3395
38
8745
7718
9
452
5605
7629
19
3243
22
1915
3376
1815
2587
9375
12
8385
1525
8704
5198
3130
6482
6716
14
4296
5122
1614
3579
7013
1267
8919
4678
8687
18
7087
9486
967
6891
5255
7265
8662
9225
7459
24
8950
8418
2625
8780
6989
8148
264
9060
67
6890
4643
3295
5269
9048
5311
7857
5347
8134
2004
91
8436
2854
2075
4472
6523
3205
33
3881
4204
841
6391
7696
1271
8249
8859
6344
6451
2670
2876
7085
23
3172
1011
7409
5514
1586
6414
1652
8645
7237
232
1
1524
7310
1019
2606
7338
210