2000
56 63 61
129 36 63
13 63 42
10 25 143
84 80 73
77 63 133
142 100 142
17 17 41
66 96 53
130 85 25
53 59 102
146 71 80
81 37 74
33 48 116
26 145 102
105 103 118
38 55 112
82 100 47
140 143 125
72 99 140
136 101 139
121 127 50
24 61 132
52 14 114
56 109 103
14 92 13
16 41 101
52 79 25
55 63 118
146 59 148
37 72 94
116 141 109
80 59 134
39 111 14
131 68 91
124 109 40
17 50 77
102 69 37
145 21 57
122 33 56
109 109 134
70 24 148
100 111 42
101 53 138
54 115 87
138 39 82
85 23 91
142 45 139
26 62 84
16 22 36
145 36 68
127 60 27
140 125 60
31 50 11
79 115 76
11 57 122
115 93 111
108 96 58
141 126 57
120 27 120
17 12 142
41 95 60
35 130 133
87 109 99
14 72 67
63 77 103
34 125 67
41 51 140
100 36 55
99 81 146
34 101 94
41 29 63
90 130 48
11 116 75
146 39 117
28 101 68
106 126 55
108 24 32
82 20 54
60 85 114
100 37 57
81 22 87
142 112 36
93 97 103
55 91 102
64 43 11
82 139 61
87 39 145
29 90 148
18 62 105
145 90 58
16 142 101
36 95 99
78 23 35
57 19 18
58 85 66
43 120 96
90 92 47
72 88 62
115 110 69
35 74 13
50 62 89
134 146 111
46 146 78
99 61 144
118 44 97
100 117 24
75 108 69
144 69 40
41 64 71
80 114 12
93 24 79
66 75 56
13 74 45
106 137 34
127 130 27
74 141 81
134 43 94
105 117 121
105 59 113
14 79 109
149 110 79
97 36 126
58 42 94
15 120 71
36 30 53
57 65 41
121 108 138
40 49 58
38 106 53
143 43 28
25 118 91
145 85 33
17 25 19
15 40 115
65 143 112
128 121 55
89 84 79
23 49 133
137 64 29
39 132 87
77 116 10
56 111 146
69 11 140
130 56 118
107 23 53
71 17 94
139 15 106
132 143 98
123 51 200
127 70 21
83 87 101
16 72 78
61 79 112
107 74 87
46 91 17
117 104 137
45 46 119
81 10 24
28 89 114
55 21 64
121 123 77
110 36 18
90 37 139
52 91 36
64 68 95
13 45 57
85 82 111
129 84 65
75 61 42
35 138 104
21 53 112
38 17 148
60 34 137
44 32 149
40 75 34
10 83 114
37 51 89
105 44 100
99 138 23
88 54 142
28 40 62
26 83 113
130 37 16
29 131 87
31 104 41
67 48 76
115 57 117
134 67 16
79 105 133
71 37 35
108 37 66
102 84 12
112 72 71
94 42 42
96 42 42
24 49 70
92 128 84
136 39 52
25 68 116
101 149 33
56 121 115
63 93 76
125 73 69
76 105 41
130 56 21
126 40 33
95 79 27
64 80 149
71 12 104
90 82 39
110 39 112
100 73 20
104 66 118
55 94 42
93 88 14
129 34 112
92 70 67
98 92 145
11 72 94
80 91 57
46 37 67
400 18 119
84 135 89
92 18 69
38 58 110
94 59 79
118 132 101
51 136 73
104 106 25
14 127 114
73 67 28
28 58 15
89 93 133
48 142 69
43 129 65
103 41 125
113 67 140
32 47 84
117 72 148
106 113 124
133 24 114
125 87 127
41 128 29
119 32 86
34 65 131
76 34 47
34 17 91
78 94 112
17 100 112
109 18 143
47 19 21
122 87 147
97 31 94
124 38 137
19 39 52
50 84 94
55 125 149
60 93 118
15 148 43
109 129 108
84 104 69
138 13 134
92 46 123
132 119 12
21 39 88
70 140 62
47 130 29
45 125 56
108 38 76
73 126 128
94 22 145
133 28 61
19 126 53
79 82 108
29 33 106
119 24 117
43 26 120
115 73 19
85 87 134
39 82 43
79 117 33
73 37 124
80 111 76
74 66 92
106 39 69
133 100 93
36 49 144
22 80 31
45 29 41
56 145 13
102 34 121
35 115 71
60 131 11
75 111 115
22 97 47
98 149 23
106 48 141
67 135 76
126 143 109
28 109 122
19 80 16
26 52 26
14 86 47
131 72 34
18 20 88
113 94 102
77 121 138
100 58 102
125 117 147
66 45 63
145 48 62
21 88 142
33 102 61
49 60 109
107 147 95
75 79 140
108 56 136
19 24 103
21 72 32
111 142 120
50 58 138
148 76 140
107 105 137
17 21 52
26 112 10
108 36 123
23 103 63
67 112 32
42 77 68
20 99 64
26 130 79
39 13 101
102 69 113
20 31 76
89 107 73
126 128 14
57 79 40
52 42 54
115 63 80
40 115 53
82 72 107
140 148 106
100 29 91
132 55 132
13 48 30
88 57 98
132 96 79
20 49 117
76 144 72
124 117 145
111 112 115
147 19 39
35 122 116
79 85 125
141 71 39
45 51 60
98 109 30
88 80 44
149 121 120
120 114 140
58 14 28
106 29 142
42 125 66
90 137 51
47 116 140
121 21 43
23 77 73
96 56 72
12 76 76
109 20 138
52 110 96
53 25 28
31 19 25
46 58 58
50 20 77
102 116 130
146 18 124
97 108 82
108 28 23
45 140 140
60 93 38
94 82 10
65 115 93
106 27 49
21 49 138
55 129 102
28 83 35
100 75 51
131 100 89
56 110 53
146 102 129
40 95 102
122 116 98
125 93 145
138 31 65
40 124 140
64 63 84
19 52 93
78 111 147
107 71 63
66 137 43
126 31 106
97 128 61
111 125 53
111 108 90
30 65 133
34 120 137
143 37 135
105 128 70
108 82 33
37 94 63
67 124 53
33 122 105
40 126 78
94 108 57
101 114 143
42 44 103
49 84 11
12 31 95
132 130 132
35 133 148
78 85 109
146 130 116
34 74 107
144 116 25
45 137 15
85 123 24
14 28 25
61 67 30
121 40 116
67 132 71
120 145 104
20 34 41
97 142 51
99 45 142
65 65 118
129 123 141
116 77 142
93 37 53
81 101 117
98 74 64
66 123 52
69 35 55
102 53 139
128 115 128
73 92 40
27 86 112
74 74 48
94 118 42
74 22 137
141 66 76
29 108 90
79 143 34
63 43 86
135 84 135
62 74 107
40 48 18
86 65 122
23 52 56
40 145 34
36 17 77
78 66 130
105 89 23
89 84 30
34 55 138
46 82 65
24 37 47
80 76 134
143 45 65
21 22 99
112 142 17
135 15 94
127 56 61
112 115 49
75 56 127
57 11 53
52 19 136
73 91 149
39 63 96
109 26 25
110 37 65
70 135 82
144 122 10
147 23 16
128 65 86
51 30 40
117 78 57
113 31 95
48 84 117
51 54 21
45 10 86
145 44 110
46 37 21
69 106 37
30 31 43
38 105 28
127 25 14
135 80 67
27 67 26
109 31 122
62 147 43
35 125 115
17 103 82
15 122 11
96 13 139
49 78 115
76 87 148
61 87 24
32 112 26
104 77 133
28 67 17
44 75 25
18 98 133
17 146 84
113 93 83
123 134 69
123 43 53
99 134 85
78 87 59
73 96 144
114 86 46
56 11 117
54 29 67
74 32 39
126 116 16
70 131 109
51 134 77
99 82 145
68 92 124
67 22 17
119 27 149
81 20 37
76 99 142
95 91 90
14 55 42
107 110 83
31 61 85
124 101 39
55 94 59
68 64 56
125 66 62
42 56 65
148 120 83
13 21 94
61 133 115
143 76 128
100 21 41
72 123 126
90 15 111
122 92 147
96 101 54
37 139 22
28 145 58
33 135 128
92 86 61
136 13 17
126 42 26
133 82 90
141 23 100
130 103 97
128 61 53
103 63 97
109 31 57
35 77 86
107 49 146
75 97 43
48 149 33
139 97 92
110 54 32
34 24 146
16 67 87
45 32 17
144 95 30
77 55 137
113 130 149
83 28 58
119 16 114
122 18 102
94 147 79
65 93 134
29 144 59
91 126 61
104 21 42
20 135 58
59 149 39
34 10 31
137 84 40
56 39 112
43 17 34
34 78 29
93 89 138
35 53 31
118 58 49
132 54 55
18 108 100
71 46 147
121 137 43
81 136 125
30 36 121
65 115 26
90 118 70
79 66 32
113 31 91
49 76 92
100 127 70
36 85 131
125 59 13
123 132 13
80 95 134
11 16 10
102 34 87
85 99 20
118 145 27
11 68 31
113 45 82
112 94 38
146 100 113
73 62 71
104 99 25
90 123 117
112 66 56
94 142 84
123 125 56
49 22 106
82 64 74
71 26 63
49 47 127
66 41 141
120 110 112
48 82 211
110 130 128
120 16 104
108 50 111
82 100 139
100 52 82
65 36 38
149 59 57
78 89 116
50 82 49
13 95 79
88 145 119
141 112 34
78 113 39
85 64 13
65 127 117
35 58 66
75 117 82
55 117 149
136 32 42
135 141 60
79 102 66
22 114 142
120 107 25
42 100 17
84 50 49
97 56 61
130 122 45
103 137 146
37 124 25
58 51 75
66 128 121
39 37 85
62 131 97
111 138 104
120 84 19
107 43 22
116 34 44
123 114 114
104 50 72
43 45 22
147 11 104
83 21 113
106 72 131
103 52 148
137 54 113
57 68 44
37 124 108
58 83 46
34 64 99
80 143 89
20 65 120
12 73 41
33 145 91
27 22 44
139 86 129
95 145 60
60 24 86
33 74 144
28 63 66
74 105 148
92 45 80
45 28 71
148 79 47
93 52 102
98 129 146
136 33 65
64 37 60
111 21 45
109 39 131
129 55 120
12 13 101
19 138 16
53 149 47
95 112 79
107 145 41
13 17 31
119 19 123
103 122 148
99 149 68
47 134 116
13 144 57
126 121 42
67 49 14
39 22 135
18 147 23
63 104 35
25 63 40
88 23 65
45 101 35
51 101 137
77 144 120
110 24 91
47 64 95
54 143 22
144 67 115
66 47 31
78 67 118
126 111 52
104 91 116
78 129 58
85 102 72
81 107 93
74 138 68
130 143 123
49 35 96
129 104 56
13 39 16
38 143 131
68 59 35
139 89 26
234 144 93
75 93 130
56 118 106
91 76 71
100 80 141
54 118 123
83 121 145
126 76 301
117 106 104
138 26 87
83 39 100
140 138 108
139 128 84
119 11 147
11 86 66
149 112 92
20 17 30
125 70 118
13 95 44
117 38 26
87 142 127
119 23 87
129 25 134
69 82 77
61 56 71
140 54 147
148 41 48
74 111 74
149 64 26
144 136 55
144 85 76
25 20 92
48 109 76
75 11 95
122 130 102
31 24 44
126 42 11
109 64 139
42 118 124
22 110 114
120 100 26
143 62 141
54 142 108
120 115 71
90 99 73
124 128 58
81 104 108
113 59 123
107 94 18
122 101 61
119 29 28
122 72 76
96 91 91
112 99 79
104 58 31
97 12 116
97 104 61
89 122 132
42 106 82
141 66 85
127 14 24
127 120 149
123 70 136
17 16 67
147 60 57
141 143 31
16 10 139
135 116 115
75 70 117
74 107 134
52 38 40
33 33 59
98 26 62
99 73 104
11 105 54
80 13 144
36 60 84
108 82 23
120 12 75
101 28 68
23 147 19
94 126 27
56 23 28
124 110 114
128 123 135
127 42 61
88 66 78
40 88 58
105 14 241
135 108 85
91 89 96
26 109 39
78 121 29
108 88 24
85 79 74
77 35 51
56 40 123
149 44 20
88 91 29
54 137 30
60 36 147
18 51 74
110 20 80
14 109 128
48 96 110
131 106 47
132 122 71
35 58 75
114 129 84
104 106 20
147 123 63
65 107 70
45 145 31
35 85 89
134 61 114
63 20 94
43 90 85
61 135 55
143 133 57
28 22 126
146 61 97
79 117 147
99 14 120
107 42 31
128 111 34
81 45 129
52 59 59
24 56 60
47 46 100
137 35 11
62 116 17
77 24 33
116 127 39
149 68 30
13 40 141
110 12 113
31 29 115
144 89 18
12 71 117
56 41 38
97 29 59
71 95 57
86 92 140
147 142 81
74 58 66
120 65 54
136 120 14
86 127 15
18 122 146
141 25 109
67 123 104
87 138 133
52 104 511
82 68 143
111 90 65
127 10 86
104 126 92
44 141 10
32 20 30
141 67 14
52 211 140
146 64 32
28 47 34
141 44 18
108 17 120
24 142 20
60 101 144
132 106 134
42 64 28
22 66 110
135 25 20
39 21 69
91 122 37
138 142 80
85 129 149
121 102 89
26 16 139
113 106 92
21 147 68
128 89 117
59 142 81
32 53 83
77 35 129
43 99 53
78 143 38
70 37 46
44 77 109
110 96 119
48 15 92
90 125 146
88 87 144
108 123 68
11 68 11
62 111 144
36 53 98
74 125 146
136 123 36
37 38 111
133 54 166
140 77 112
62 111 13
119 94 108
96 43 22
97 60 65
30 122 147
107 130 30
46 108 77
89 114 114
65 143 33
15 63 117
129 62 53
138 32 105
46 113 102
83 17 119
30 98 21
11 38 77
109 148 60
78 32 55
105 69 47
120 69 143
76 130 99
48 31 94
76 41 121
149 19 72
55 49 23
33 18 136
30 113 16
66 25 39
22 81 91
97 45 51
133 107 104
88 90 134
55 82 91
114 68 98
37 29 47
115 145 59
89 147 92
142 54 139
94 79 51
106 109 125
31 44 25
77 138 42
135 42 51
21 127 19
84 58 20
22 11 86
83 10 47
97 65 135
22 146 55
99 57 106
112 123 95
120 13 112
89 29 84
65 115 19
141 73 72
36 83 113
19 40 69
29 133 23
90 71 44
10 143 26
37 67 20
144 97 109
44 60 98
34 70 99
146 97 16
40 132 47
97 93 21
23 127 57
129 59 110
129 92 103
138 66 87
14 139 75
50 91 145
37 67 17
101 127 137
10 147 22
132 47 130
37 12 70
136 41 12
18 66 77
27 93 140
113 12 85
12 115 113
103 21 64
139 127 148
75 134 33
80 34 106
92 44 27
131 115 80
135 24 30
123 19 83
53 50 100
20 121 65
123 96 105
14 115 106
46 72 88
26 121 42
97 93 135
67 98 45
39 26 55
113 43 109
22 69 40
116 32 42
61 71 38
140 64 90
88 131 35
59 56 69
67 145 89
139 30 75
148 124 69
24 37 104
12 131 92
138 70 124
78 127 66
28 23 133
123 70 63
120 69 20
121 118 105
73 34 20
132 82 75
90 52 125
124 17 133
15 85 40
28 146 19
109 32 134
132 11 66
137 78 147
98 40 141
13 108 34
131 125 60
74 48 64
89 112 133
23 55 69
42 72 85
28 102 122
127 137 35
61 49 113
19 47 120
128 59 134
27 125 30
127 93 107
49 138 54
32 46 48
141 96 73
125 15 123
144 126 46
141 14 32
108 23 49
22 17 14
132 10 65
69 65 121
17 138 35
124 11 51
130 84 56
76 61 134
57 26 143
84 11 28
39 53 80
91 141 96
122 24 90
20 111 142
16 118 106
19 77 64
128 137 43
129 17 103
65 86 84
118 44 74
97 71 46
74 15 95
69 35 100
95 41 126
27 68 84
86 38 105
41 122 47
111 105 36
100 22 124
81 102 91
92 24 62
136 39 101
140 121 45
77 33 72
13 41 23
97 52 125
114 75 26
121 107 141
52 60 139
78 132 53
41 116 21
51 34 56
96 53 138
23 119 41
38 53 47
60 44 42
13 43 23
99 50 49
137 45 21
73 84 86
23 58 122
67 149 20
60 117 58
55 73 91
131 95 31
83 145 21
129 77 143
33 16 18
79 98 91
113 39 87
100 42 95
80 98 146
68 43 87
98 94 117
12 65 49
108 81 29
79 125 102
126 42 70
118 54 82
84 115 121
53 76 80
41 106 94
90 116 110
69 14 92
70 126 27
120 116 66
20 147 57
107 10 89
67 111 36
139 39 53
12 28 11
58 134 62
85 45 142
24 67 19
139 142 70
34 107 132
131 136 48
118 145 139
51 107 120
86 36 32
120 78 20
13 73 46
58 95 71
133 93 66
66 54 14
106 128 101
43 93 98
100 124 133
91 82 128
121 134 64
142 12 128
135 110 121
79 113 124
27 70 86
42 83 136
113 127 108
92 64 137
68 143 134
21 86 77
50 73 109
143 116 84
55 67 56
123 126 147
17 105 49
62 138 43
144 128 30
147 200 142
24 79 73
56 75 102
27 87 142
68 11 16
116 124 84
25 92 122
126 139 92
55 118 120
113 98 46
136 36 92
18 60 49
53 15 84
71 125 19
51 98 92
114 126 89
30 114 142
100 87 86
80 46 74
38 144 101
93 45 90
61 44 105
65 39 97
104 104 49
21 106 135
97 13 74
81 87 125
135 85 20
143 58 34
20 42 77
135 92 33
120 62 115
149 132 22
201 134 20
99 49 19
67 49 131
108 124 51
10 134 26
81 46 106
71 89 67
107 20 65
84 140 28
81 54 49
25 47 141
54 41 103
137 39 104
13 124 45
104 109 67
56 129 113
66 36 128
12 46 130
29 143 79
57 102 78
83 53 12
22 20 126
124 12 59
112 110 134
20 97 145
71 145 103
55 15 93
92 141 123
19 78 47
133 116 117
140 110 114
70 133 125
20 16 78
92 27 79
64 91 39
56 119 56
46 31 141
44 86 51
71 36 21
10 60 64
66 122 34
57 46 124
91 98 10
63 24 65
145 89 45
90 45 49
37 36 66
115 68 50
77 111 120
146 49 59
58 48 138
83 31 90
104 139 25
10 108 139
14 101 103
29 86 19
68 40 128
18 123 106
88 147 133
81 139 109
90 88 132
60 54 120
104 127 81
101 66 98
26 27 29
63 120 113
46 73 55
134 70 87
90 115 23
46 38 81
126 73 48
82 50 72
129 58 123
53 107 53
10 13 56
54 35 131
100 15 90
110 34 94
133 129 111
121 19 99
116 103 64
118 43 90
37 59 81
27 135 123
91 28 103
18 139 65
93 149 74
134 105 146
66 117 26
82 120 107
37 56 47
103 126 86
15 107 149
97 31 112
58 54 37
145 124 141
56 54 61
65 46 115
55 66 61
26 68 108
12 146 58
124 38 111
20 89 71
109 20 50
115 85 25
44 59 68
96 148 32
44 150 137
44 15 30
77 96 69
44 60 62
119 72 19
128 93 137
71 31 46
12 39 36
51 147 134
24 72 106
16 124 27
98 146 107
121 44 134
45 108 24
70 120 132
13 42 83
71 92 99
128 138 47
59 77 19
75 136 68
87 140 90
130 52 61
36 133 91
134 34 125
104 19 38
91 41 25
62 36 60
20 27 120
12 69 22
93 71 115
54 90 138
28 55 41
53 51 110
51 98 67
111 15 59
95 127 24
107 123 110
71 25 68
65 153 136
114 62 37
88 29 74
110 73 110
84 77 93
69 16 121
109 30 81
13 27 148
70 39 93
136 100 84
32 40 129
129 20 92
138 105 131
87 73 61
29 126 139
137 29 62
36 30 43
16 77 81
14 54 77
12 82 50
130 32 44
55 112 22
58 144 94
54 57 23
60 55 99
87 82 132
18 137 94
58 23 89
48 95 125
68 59 20
28 128 135
119 60 51
102 22 83
32 36 41
129 58 30
107 61 90
146 128 111
40 142 97
46 54 98
51 48 32
43 10 45
122 10 133
122 44 13
47 104 72
117 11 125
14 11 108
74 141 109
49 145 90
98 57 143
75 81 94
107 12 71
78 12 137
60 21 110
43 114 125
94 93 123
21 28 142
46 140 98
108 89 73
115 25 37
16 140 33
121 52 66
94 20 111
120 72 134
110 122 30
34 117 137
88 135 92
129 55 149
40 107 79
91 127 81
63 137 64
11 13 88
32 74 42
39 33 22
26 132 56
23 147 109
117 133 47
26 96 13
143 99 86
124 23 119
147 136 125
48 60 92
105 81 72
69 91 61
20 12 91
74 148 119
14 34 62
135 122 59
110 55 23
17 11 30
129 88 101
88 70 76
97 42 121
114 20 85
16 87 129
69 35 128
133 89 144
83 149 106
54 84 107
84 13 102
126 56 29
110 144 18
32 50 62
100 138 103
116 33 55
106 79 135
28 28 140
114 33 30
32 149 149
25 85 14
125 78 138
115 101 54
22 148 41
125 24 94
14 45 79
30 61 22
22 134 148
113 31 85
97 113 35
113 35 130
95 128 126
73 40 34
24 72 74
58 73 118
133 148 56
29 120 42
34 67 46
131 141 51
106 92 149
115 30 38
113 45 56
66 98 14
33 104 74
24 100 149
37 116 142
137 19 24
49 56 95
82 31 44
98 84 12
22 112 74
32 27 55
113 85 44
45 55 77
38 67 135
121 144 91
44 37 110
93 19 50
65 149 36
33 117 11
143 67 57
57 119 65
84 123 40
109 137 31
58 88 32
97 138 17
42 114 62
61 107 76
29 103 117
134 113 53
99 140 67
139 88 85
26 82 45
149 61 102
91 139 83
31 145 135
39 106 98
100 66 51
147 124 143
149 68 135
136 26 20
88 82 16
130 130 75
123 115 107
142 126 118
35 49 111
26 82 94
123 141 81
20 18 136
24 146 16
69 114 47
134 139 63
69 131 142
58 68 106
19 39 79
17 102 75
103 25 45
94 113 149
142 142 142
24 84 17
125 137 32
49 70 98
28 77 67
64 113 74
33 19 141
74 14 31
66 136 86
115 61 119
124 12 46
83 16 85
99 125 35
109 149 59
13 48 64
98 118 110
11 112 62
133 85 117
109 81 105
96 102 108
14 116 131
29 65 114
42 95 56
143 107 124
44 13 89
29 25 90
75 40 127
13 149 38
37 89 142
130 29 81
35 100 67
80 58 40
39 144 49
115 140 45
46 78 30
97 55 48
104 74 87
96 103 84
112 20 143
65 118 133
38 69 95
139 139 146
86 40 104
16 131 58
12 130 147
89 137 51
88 122 141
91 17 61
11 111 46
44 105 25
97 84 45
47 43 123
73 25 27
61 39 22
82 35 72
145 145 141
118 16 38
121 31 55
47 122 29
47 142 93
42 109 46
86 23 137
101 62 123
95 148 91
130 87 33
139 121 35
89 93 70
100 28 142
62 30 18
49 135 30
10 53 98
20 110 110
39 42 96
148 125 35
69 47 79
110 55 130
122 18 82
68 42 47
46 146 111
55 100 47
31 20 63
14 21 96
52 142 33
137 61 107
82 137 140
123 60 72
16 122 33
35 32 17
142 61 48
133 23 45
127 134 115
27 99 91
114 35 14
119 74 59
55 131 128
137 89 60
146 66 25
122 77 21
55 55 121
39 39 21
75 138 82
20 136 127
110 25 67
37 60 126
101 64 67
83 69 35
22 73 63
59 90 46
102 65 82
145 83 103
86 31 49
88 46 102
46 25 14
145 77 113
15 99 33
42 115 29
53 11 142
19 62 23
99 11 105
116 48 28
46 130 98
18 141 19
96 33 143
146 146 25
139 143 83
121 110 44
41 66 147
29 87 105
100 120 79
33 80 149
49 90 134
72 49 63
56 51 148
101 13 16
134 75 58
46 47 101
149 57 41
83 89 145
37 29 57
147 27 114
61 76 102
139 81 130
21 140 41
88 12 41
127 129 101
46 30 93
90 129 79
87 123 93
70 110 26
131 128 104
64 114 103
81 135 21
62 131 134
131 65 91
63 50 86
41 40 127
60 64 80
146 41 30
121 11 26
146 29 93
77 109 88
128 132 85
81 105 21
64 35 103
28 81 128
11 95 76
75 119 57
99 69 137
11 11 79
17 37 89
45 116 124
89 123 131
113 130 30
66 12 142
65 44 137
49 144 41
39 10 62
102 15 88
115 119 20
90 22 145
42 116 94
142 10 134
60 53 123
101 134 65
59 70 94
95 116 29
88 109 92
14 114 114
75 138 115
122 86 126
95 66 48
82 46 86
46 74 71
137 35 87
106 125 123
104 146 102
120 77 92
76 66 144
21 37 120
55 92 83
108 101 33
89 71 131
108 124 41
131 86 43
37 87 145
119 42 67
104 19 45
17 60 20
79 81 85
19 23 127
96 30 107
71 127 36
32 148 136
120 133 12
21 134 231
71 63 22
62 59 72
99 99 84
99 102 145
144 85 173
105 91 54
71 96 94
133 11 94
51 46 43
36 98 35
77 104 74
50 52 129
55 11 106
87 27 34
38 67 91
64 108 73
64 42 133
125 135 130
114 24 135
149 54 59
43 113 10
116 26 92
45 26 132
136 59 93
73 60 122
62 27 120
101 141 58
55 75 137
100 78 81
113 63 60
138 108 63
63 27 47
144 70 101
132 21 62
62 96 49
109 56 104
133 69 109
87 135 44
89 47 23
13 105 13
96 125 98
27 25 107
141 101 119
138 24 121
62 48 79
71 120 45
52 91 52
34 126 19
131 122 41
128 23 10
50 143 116
115 38 73
76 45 88
134 128 83
35 81 136
122 146 60
85 114 118
124 119 29
133 80 16
112 148 146
72 148 88
85 60 101
102 16 71
143 119 117
32 92 77
38 86 93
29 33 42
63 35 80
141 111 20
148 143 116
129 136 21
126 56 48
64 18 120
50 37 66
61 131 139
13 149 137
95 90 137
114 137 44
143 18 138
80 40 69
97 132 107
40 45 58
122 101 55
34 71 79
32 122 53
95 112 106
16 140 55
137 146 48
22 88 110
18 65 34
92 77 120
14 33 19
81 105 21
30 138 96
141 65 99
109 123 115
47 68 71
18 54 85
105 113 17
14 72 54
124 88 98
104 99 122
29 129 43
141 87 131
69 67 33
28 14 36
45 82 15
15 48 42
84 141 125
135 12 45
94 112 68
143 98 137
125 38 53
96 101 140
32 112 94
33 12 13
133 37 83
126 48 46
32 102 37
130 144 148
49 34 19
36 94 56
110 82 95
72 124 25
91 73 80
113 139 131
127 93 80
105 75 39
129 126 96
84 118 99
56 51 87
19 120 81
31 86 88
76 142 44
140 55 50
119 103 126
138 99 12
138 15 28
63 71 22
147 41 133
60 103 123
98 72 139
99 77 34
31 24 87
38 65 116
121 35 133
60 36 120
16 102 115
58 130 72
73 111 96
123 125 149
74 124 145
100 79 147
117 112 75
30 138 135
33 64 19
132 24 53
89 89 112
91 57 101
93 52 102
83 22 13
137 72 142
64 147 110
145 124 12
109 92 83
121 39 38
66 141 113
114 60 43
38 75 145
24 120 26
83 144 59
100 135 65
123 86 80
49 37 103
126 141 61
13 109 131
66 102 17
59 46 83
145 54 59
106 64 85
140 75 58
67 64 25
93 80 28
21 142 58
21 64 68
124 16 146
16 30 136
55 29 102
110 51 51
74 117 47
53 36 114
61 96 112
49 36 22
71 130 65
42 38 25
11 119 121
29 34 53
52 122 13
131 88 37
18 64 12
118 13 68
60 121 57
136 98 148
43 74 129
40 32 122
109 112 46
92 114 41
69 89 25
11 19 80
27 55 79
137 70 145
91 43 75
143 90 88
147 139 36
95 100 63
42 101 82
25 18 28
