3000
74 59
85 86
104 140
113 52
74 167
92 148
112 188
66 186
67 152
72 116
101 190
111 191
121 21
61 1
95 29
56 14
56 24
62 32
76 197
101 135
55 47
58 163
65 40
72 87
103 186
121 20
57 72
90 64
61 160
68 184
107 196
117 63
126 55
67 43
80 76
122 24
74 112
85 165
87 27
99 40
50 113
63 40
79 174
87 40
112 20
114 153
88 76
89 157
111 66
63 70
70 154
73 192
79 142
116 160
55 128
70 85
83 121
115 142
124 78
66 130
118 175
65 171
80 7
81 60
87 10
90 123
116 68
60 120
73 155
96 68
117 6
55 123
59 129
59 146
115 179
121 55
51 12
73 150
83 152
83 185
98 75
112 174
114 104
88 146
114 21
116 26
90 76
61 127
76 50
65 26
110 174
124 51
125 37
63 157
86 95
52 110
67 19
76 36
56 74
89 12
100 111
106 9
92 108
109 85
119 41
121 18
70 119
92 190
97 1
105 42
106 88
107 55
50 24
52 180
93 34
107 161
123 59
62 11
79 107
82 166
88 101
92 75
120 4
58 138
63 5
124 186
91 162
93 81
102 152
102 66
109 172
115 150
116 5
123 12
126 11
96 48
104 11
101 83
104 170
115 89
121 153
121 160
50 28
71 62
75 145
84 164
113 161
52 51
90 67
95 2
55 4
62 102
71 103
74 184
92 74
99 99
107 39
107 108
110 198
70 123
90 51
114 60
116 86
66 58
68 149
89 195
115 109
54 41
84 157
89 47
111 58
113 186
50 22
51 155
55 6
101 2
108 140
114 95
121 125
66 45
68 103
83 134
105 117
54 127
69 48
105 173
52 32
107 54
120 112
120 178
59 56
84 66
87 98
90 153
111 199
113 162
118 122
126 24
50 192
52 68
63 53
67 41
72 6
80 95
83 3
94 2
72 83
76 140
92 40
122 195
125 43
53 21
69 185
72 41
77 32
53 160
63 197
69 98
80 64
80 167
94 147
121 106
90 9
94 192
120 100
73 194
76 44
82 97
100 122
111 121
114 83
74 179
75 32
106 90
66 48
71 69
102 124
110 145
117 39
123 50
88 14
96 58
120 188
95 97
114 23
115 34
124 120
50 88
54 164
79 46
101 65
101 127
106 21
114 19
114 26
119 135
126 13
92 137
98 107
104 42
108 171
121 127
70 198
92 13
92 154
94 13
102 100
123 119
61 179
71 15
78 142
117 113
99 158
121 192
65 42
97 25
125 113
52 145
54 197
56 185
76 128
96 107
62 192
64 181
79 147
62 152
56 124
69 58
75 78
84 57
51 169
88 105
115 118
121 137
73 24
78 145
85 187
89 81
126 66
57 124
74 134
86 171
113 89
113 152
55 121
70 140
83 46
105 22
109 126
117 169
52 66
84 51
126 14
57 137
90 58
100 192
104 53
118 126
86 194
90 46
91 160
97 27
101 142
106 145
114 151
118 61
95 18
116 197
90 59
99 124
55 141
78 78
81 82
92 188
120 182
87 112
113 170
52 192
87 124
101 188
81 127
121 131
50 159
56 48
57 49
72 66
94 181
104 197
70 159
73 161
94 107
98 111
98 146
109 133
114 184
118 74
124 79
52 132
79 82
81 90
81 197
122 104
53 118
78 113
90 72
122 141
122 159
55 195
90 147
90 174
112 3
113 81
124 45
52 91
73 162
82 174
105 136
54 126
72 122
96 190
99 129
102 86
107 45
113 94
93 159
95 19
98 25
99 76
76 100
100 1
105 18
119 29
57 188
82 46
117 142
63 23
85 102
119 83
50 12
60 73
64 69
65 155
67 156
126 100
83 48
87 89
89 131
103 179
117 66
120 83
123 24
56 105
81 72
104 56
112 195
89 82
115 22
123 99
77 154
86 13
92 129
98 104
102 76
121 45
55 182
78 86
89 193
120 138
53 52
53 169
57 34
74 176
100 104
58 199
75 3
89 89
102 22
105 150
58 84
70 60
73 146
78 34
93 122
106 37
105 37
116 85
123 39
75 118
81 165
91 122
117 138
124 113
55 133
81 138
64 29
64 77
70 101
54 147
59 153
81 139
55 55
56 140
75 43
119 159
60 176
84 198
98 157
99 121
101 125
76 98
76 135
91 108
103 76
118 142
118 188
122 172
63 14
70 45
82 115
84 153
90 8
107 156
60 27
64 113
76 181
82 2
90 109
93 178
107 21
113 153
68 135
80 170
106 70
126 18
52 135
62 184
72 119
96 178
97 199
107 9
119 130
122 155
51 65
62 13
70 128
72 94
76 78
104 111
122 52
88 57
91 194
101 180
102 189
67 69
84 25
109 9
110 107
58 74
87 116
113 19
50 122
59 33
80 129
95 178
58 1
75 107
87 82
109 18
64 192
97 172
66 125
69 151
88 37
89 140
90 6
96 50
77 146
79 97
105 23
53 116
59 184
71 119
81 113
84 143
88 88
104 27
82 170
99 168
112 176
62 166
73 188
75 39
115 110
123 175
125 95
122 113
83 94
51 72
57 13
68 5
78 59
82 28
83 171
89 102
89 141
92 168
120 187
52 112
78 63
98 39
103 169
119 100
120 134
125 115
86 1
87 38
95 184
100 150
113 169
50 109
57 7
66 199
74 121
102 1
105 139
60 172
82 162
108 124
125 42
66 32
75 12
93 69
111 166
59 131
68 77
73 93
82 121
92 67
94 164
107 70
50 131
63 118
92 95
92 140
104 49
61 13
91 12
104 161
91 13
107 71
111 72
71 1
82 78
83 141
86 101
95 25
99 116
112 29
53 153
56 25
53 40
98 170
82 196
95 93
104 50
117 53
86 117
110 24
114 39
51 74
56 109
62 104
83 8
108 84
112 60
67 11
76 57
89 70
90 172
117 32
53 20
55 16
58 42
119 4
51 188
52 78
74 106
114 195
117 151
121 93
51 63
73 97
120 104
51 93
56 139
95 136
105 162
106 185
121 99
123 120
125 61
54 17
70 46
71 48
93 60
63 123
64 60
81 2
84 99
99 41
118 14
63 168
82 172
54 19
57 97
80 49
89 22
97 151
110 86
111 175
112 7
69 164
119 62
50 54
54 5
75 168
113 46
113 181
50 188
68 40
68 165
78 112
109 83
113 38
123 3
76 27
78 80
117 33
50 9
87 190
103 134
105 147
64 5
75 16
84 13
97 6
98 199
60 19
76 89
101 156
112 88
92 179
104 147
54 30
66 115
114 59
50 59
52 139
99 120
105 12
105 80
89 78
114 194
116 95
52 26
81 192
82 38
97 12
99 67
110 177
115 100
119 60
82 24
85 185
113 135
122 32
123 32
91 177
107 112
60 33
78 42
78 155
100 39
100 134
122 187
58 57
64 87
75 47
83 76
91 158
99 131
117 168
51 100
119 75
123 98
50 79
73 111
102 81
121 16
103 128
88 112
124 30
78 95
91 116
102 6
105 111
111 79
114 189
122 65
64 13
71 54
73 35
74 138
79 5
79 157
88 52
96 52
96 60
100 116
102 182
114 124
123 80
101 7
55 7
96 180
68 112
70 122
98 98
108 12
112 51
78 76
100 186
52 4
68 11
79 103
103 146
114 41
115 78
117 25
61 187
85 61
70 65
82 101
113 16
71 108
84 128
97 20
87 158
96 28
105 50
118 106
120 159
78 93
87 175
95 47
102 129
67 61
85 141
94 94
107 48
59 5
66 51
87 22
126 19
86 120
119 112
124 91
53 81
55 38
84 45
110 37
119 74
71 124
86 131
109 45
82 87
125 72
66 29
112 163
115 62
62 63
121 104
56 62
116 135
124 153
62 49
63 98
67 85
68 94
69 71
77 190
108 27
124 41
53 1
57 116
59 150
60 103
61 76
74 159
102 14
116 168
65 71
93 38
95 199
99 196
114 177
118 13
121 40
121 67
80 91
113 68
62 79
70 155
73 138
99 165
102 116
112 50
61 52
64 80
83 38
109 55
59 4
109 147
111 106
113 77
75 50
94 133
94 145
52 67
67 5
83 1
112 81
119 96
51 181
66 57
78 56
80 14
85 132
92 25
107 69
122 148
69 55
85 171
116 180
69 5
76 148
90 90
108 105
110 63
116 117
50 14
103 6
67 163
79 193
93 126
112 104
54 152
61 172
63 175
78 121
81 6
86 51
92 92
95 55
108 192
121 7
66 87
77 108
77 185
104 144
113 183
85 8
89 167
101 106
84 103
91 140
113 129
55 155
62 27
67 79
91 85
125 101
71 30
73 122
88 143
98 118
112 99
82 123
97 48
107 82
112 18
63 137
70 177
123 62
103 77
108 3
109 125
111 171
119 25
59 29
66 26
92 183
102 135
105 106
108 200
61 152
92 48
102 60
113 126
52 33
65 17
89 179
99 47
82 137
89 53
112 64
50 68
57 174
71 167
94 82
119 5
73 34
110 193
110 199
50 198
51 148
73 81
96 70
114 35
51 144
65 51
89 96
93 79
55 197
82 158
83 96
92 15
107 118
111 182
117 184
120 53
64 173
105 9
120 144
52 34
74 34
84 102
89 19
95 165
114 25
117 156
56 104
101 35
110 17
51 130
56 95
62 12
69 82
85 178
108 103
56 195
63 60
91 35
100 86
55 178
69 115
74 3
79 111
80 143
57 22
77 40
105 89
120 193
57 88
61 54
62 1
76 179
84 60
100 4
104 175
104 176
119 200
79 68
53 91
64 65
99 28
108 18
108 19
120 39
125 103
66 41
92 44
117 143
53 200
88 162
105 43
111 138
116 48
82 76
85 114
103 168
120 57
55 20
51 18
108 63
126 89
89 69
104 10
104 180
114 191
122 76
123 104
53 84
80 35
107 83
68 13
80 134
83 97
88 109
94 149
67 73
74 171
107 110
110 166
114 14
115 41
116 125
50 10
63 145
64 166
82 90
86 143
93 83
114 163
63 45
72 124
81 134
91 33
115 186
61 195
117 45
97 34
100 194
112 4
55 10
58 77
50 181
53 10
74 190
120 191
123 46
56 173
114 79
59 170
75 160
80 9
80 103
81 88
89 175
114 48
121 3
53 73
55 30
56 12
75 146
106 198
58 6
63 130
125 77
76 64
57 148
105 159
109 150
117 117
84 196
99 61
100 38
62 86
69 11
86 25
96 119
59 36
87 178
125 81
57 155
69 93
93 89
103 149
107 61
63 75
67 158
79 67
91 7
111 192
116 1
122 163
82 189
109 73
124 3
81 191
88 13
88 36
67 129
78 179
106 68
120 108
52 57
87 44
92 117
102 130
120 99
126 158
73 92
76 81
84 189
107 47
124 122
50 51
56 56
68 151
77 126
111 78
112 157
115 160
79 84
87 25
102 168
114 132
117 149
55 146
75 111
83 32
86 185
94 162
124 142
51 172
54 134
84 86
89 64
122 75
50 115
57 173
64 145
70 191
80 169
105 163
107 64
118 48
51 174
101 157
70 160
79 20
79 51
86 36
96 85
67 185
84 43
67 155
82 9
84 183
122 168
60 139
75 170
92 32
97 136
113 72
85 149
90 136
108 57
109 152
98 151
120 90
53 9
64 124
66 172
73 7
74 104
80 106
84 73
85 63
98 88
98 198
105 75
112 103
53 109
72 172
72 183
74 132
77 145
79 38
99 86
81 32
85 157
93 80
109 198
117 163
68 46
68 154
109 191
66 112
84 29
84 145
89 155
116 19
120 7
53 57
54 84
111 4
51 111
65 107
114 133
93 25
116 51
118 52
121 154
124 134
52 99
67 60
77 83
101 173
63 110
67 121
78 91
97 8
106 104
89 13
92 150
98 33
106 46
121 65
59 137
111 96
54 151
69 108
114 182
122 66
50 39
54 75
63 143
78 65
81 11
88 79
105 187
50 193
72 112
86 82
123 167
96 161
101 82
109 142
90 155
97 126
115 46
63 147
70 158
88 163
94 1
104 110
113 18
71 116
52 167
60 158
80 32
106 24
111 190
80 180
95 62
116 190
119 36
121 73
60 156
64 151
85 70
93 101
113 24
50 55
50 162
65 128
71 115
76 120
77 132
80 48
84 88
88 83
109 112
52 24
80 105
91 18
93 188
114 174
119 9
119 156
90 146
103 103
124 199
59 12
63 169
85 108
86 199
88 170
93 130
98 72
107 103
54 148
55 40
62 181
80 123
94 126
96 88
99 77
118 150
68 198
82 57
96 193
63 19
78 35
124 43
75 112
79 89
86 56
93 53
105 3
108 165
123 169
70 83
104 115
122 171
51 161
53 126
57 24
101 15
108 85
86 196
106 195
64 54
90 154
119 196
125 11
71 107
82 104
99 15
99 91
62 173
63 2
87 122
61 65
66 99
67 63
95 122
122 200
72 141
95 121
95 135
114 149
50 60
55 11
78 135
79 136
85 194
107 129
75 199
103 188
126 12
50 98
65 156
81 65
112 91
113 120
61 81
77 129
90 12
100 44
109 149
86 62
88 104
63 136
75 5
89 49
102 20
114 122
117 52
62 195
64 64
83 82
100 36
104 122
51 183
68 2
91 159
101 122
124 121
50 160
65 112
82 198
97 123
116 52
72 95
73 8
77 120
81 54
109 70
109 75
78 90
105 190
121 176
122 125
58 113
72 100
82 181
108 28
110 10
72 2
80 195
111 141
122 81
53 15
83 150
102 16
107 93
114 154
115 68
119 72
98 69
105 53
69 52
78 57
79 19
106 123
117 145
118 135
122 153
125 107
70 185
90 50
90 75
102 54
78 18
78 130
94 178
112 154
120 25
54 76
69 126
75 117
83 114
99 94
117 34
122 173
51 195
55 72
85 166
100 42
116 174
105 46
105 167
109 145
116 128
84 142
113 99
72 12
99 37
120 131
74 43
104 172
124 96
52 133
60 99
64 128
66 131
108 151
118 93
55 37
60 117
85 42
96 42
99 83
100 28
111 22
111 107
115 50
120 81
66 91
83 9
86 60
98 5
117 116
120 197
54 42
55 70
74 195
111 57
117 100
117 187
83 85
104 171
122 16
123 108
65 113
76 124
84 19
86 163
99 125
54 6
75 23
91 19
110 180
117 15
82 151
84 39
98 163
68 95
117 107
57 41
79 151
82 193
88 116
114 69
62 61
67 13
114 113
123 152
66 139
87 104
103 18
117 65
123 114
85 98
99 78
50 46
58 173
61 56
73 149
116 49
50 11
87 75
90 177
100 52
104 28
120 132
54 29
71 139
75 85
77 42
82 32
93 197
99 109
113 178
55 48
62 71
102 50
116 150
123 18
62 28
66 158
74 42
96 131
66 164
75 128
109 92
125 76
62 74
62 101
94 177
108 77
117 165
60 95
60 200
80 188
88 12
89 192
97 84
113 2
53 133
84 109
94 6
94 161
100 55
59 23
59 117
99 81
68 101
79 140
80 43
87 108
120 88
61 185
69 145
78 186
94 90
110 118
126 76
58 12
102 51
67 68
104 106
118 77
99 179
103 37
69 127
111 169
56 37
63 82
96 37
101 48
64 136
85 20
109 103
116 116
56 102
66 39
85 57
90 159
106 16
50 90
59 127
66 108
72 114
79 22
79 154
83 143
85 7
122 25
55 18
57 57
58 90
70 88
96 108
110 103
63 161
124 175
72 72
122 115
55 94
77 116
110 122
117 154
66 2
87 179
93 48
95 66
104 72
111 93
57 98
61 67
92 69
76 139
96 34
104 100
65 38
82 152
88 133
113 50
67 15
93 3
110 99
114 148
115 42
121 110
125 133
52 106
54 193
109 94
61 156
74 147
78 104
84 190
51 182
52 122
77 29
102 55
65 59
76 46
121 47
94 41
55 172
64 63
53 178
75 86
83 22
119 104
51 170
73 85
78 125
120 114
53 82
115 51
122 136
79 94
101 36
112 41
112 166
51 41
91 57
103 5
120 200
53 157
57 99
61 98
83 72
86 115
112 62
122 47
99 44
107 157
76 159
87 62
53 79
57 47
92 80
113 122
50 35
50 132
109 30
112 48
65 139
65 170
88 125
75 8
75 88
86 49
93 177
119 92
71 10
77 90
124 62
82 146
86 97
93 185
95 103
103 86
56 197
65 120
67 56
68 119
70 137
93 117
115 11
58 135
76 52
99 137
56 82
72 126
74 41
118 12
58 172
59 186
107 15
50 179
73 173
84 36
85 151
86 176
110 140
113 146
95 85
102 36
107 126
123 51
55 194
62 88
84 30
95 140
58 65
66 174
72 176
105 119
66 168
79 55
108 14
124 81
77 142
103 122
111 158
69 176
76 45
66 182
83 197
85 29
89 17
104 193
107 29
65 104
83 66
84 48
96 163
110 96
114 137
74 130
78 103
103 191
64 198
65 195
111 145
121 180
123 21
67 10
75 4
117 29
121 162
52 80
69 59
70 173
79 160
89 163
90 106
116 93
120 84
67 7
90 143
102 107
102 178
118 53
108 194
90 183
91 106
100 106
53 66
86 116
87 109
91 112
95 44
104 78
112 191
114 96
61 78
63 51
65 15
79 184
98 6
103 4
112 137
98 8
105 164
118 80
118 100
53 167
65 110
69 152
103 33
70 102
106 49
107 140
123 7
124 154
77 75
90 92
96 41
107 186
51 46
67 122
88 144
107 57
110 98
110 117
112 87
115 18
101 32
115 177
71 50
76 30
97 96
104 142
120 47
72 158
83 198
84 97
99 75
110 143
122 114
83 26
98 65
113 54
115 124
99 23
107 85
114 199
115 176
121 126
59 59
68 168
80 74
60 123
109 51
111 24
111 71
124 66
108 189
55 134
59 185
112 142
99 159
106 28
54 122
57 175
70 145
74 194
75 21
86 35
104 6
76 110
89 146
98 144
98 159
103 15
105 118
122 197
50 29
55 54
70 56
85 3
111 87
120 103
55 145
67 26
73 6
97 29
103 106
121 140
52 179
52 173
73 27
74 83
94 56
110 104
50 57
62 117
80 12
81 69
123 142
104 158
85 66
88 53
98 15
100 168
112 61
115 102
122 29
62 153
72 166
73 48
82 74
94 171
102 146
61 130
110 11
58 112
78 72
118 176
125 55
67 100
74 84
88 122
107 170
123 5
51 119
54 143
56 84
57 80
61 61
65 49
69 73
71 21
74 162
78 131
89 51
72 62
119 65
119 195
64 103
77 74
81 29
107 13
110 127
60 151
107 12
112 45
56 143
71 133
78 99
79 81
91 73
98 133
109 93
121 34
63 129
67 94
98 129
55 71
73 64
73 133
83 47
95 166
99 149
51 10
67 133
70 139
91 44
104 5
107 50
53 7
54 167
58 131
89 48
106 102
120 30
98 175
110 153
112 30
88 74
53 105
55 162
59 164
101 161
105 47
106 156
54 99
64 163
82 45
108 79
54 40
75 60
83 54
103 183
60 85
86 21
111 3
120 160
62 123
63 83
76 41
84 168
116 137
118 178
52 141
77 45
94 57
105 51
107 132
114 200
118 115
123 163
80 150
58 118
69 18
72 14
106 168
104 166
51 87
83 115
91 76
99 89
101 102
104 98
117 37
55 92
76 184
96 114
97 43
103 120
78 11
83 25
109 3
124 104
53 62
87 23
88 8
106 6
108 78
109 63
55 103
89 34
92 60
106 5
106 38
73 51
84 12
94 157
108 164
77 115
118 9
67 142
50 66
70 131
91 97
105 108
124 42
115 103
82 66
83 200
88 120
115 12
69 61
74 135
76 133
77 19
89 187
109 105
119 11
74 70
100 130
102 17
60 58
61 148
63 64
79 196
105 17
107 143
110 75
117 27
120 9
123 57
74 149
81 81
81 172
114 8
117 160
120 17
53 53
71 136
76 134
80 11
109 50
120 66
121 64
70 120
96 179
74 99
88 165
99 53
56 10
70 162
81 117
116 74
55 53
75 153
88 155
91 61
108 96
53 161
54 166
68 53
86 165
112 83
122 100
78 108
92 70
97 24
100 83
105 107
79 17
83 107
103 126
50 3
91 151
103 75
111 168
124 70
57 157
72 50
96 156
125 94
55 62
97 78
110 72
53 198
71 94
80 80
119 131
62 52
64 185
85 100
86 92
52 199
85 47
98 53
124 12
63 127
76 137
82 132
56 152
60 97
69 111
84 98
89 46
123 192
76 59
97 192
121 100
63 65
73 134
97 104
105 148
121 179
80 119
114 198
115 94
55 153
68 63
98 70
118 149
59 87
66 154
68 83
76 22
125 1
86 175
90 128
91 126
93 21
102 145
109 190
110 57
119 21
124 86
57 111
105 4
73 65
84 34
96 61
102 158
112 146
122 169
79 167
102 132
123 194
63 164
94 150
98 106
118 107
120 161
68 24
82 107
106 79
80 149
84 199
95 65
104 48
66 148
62 125
67 180
90 137
106 199
123 179
57 159
74 65
84 16
84 18
122 110
81 35
90 124
96 144
101 31
102 185
105 137
107 114
113 98
59 149
80 47
90 101
103 160
117 122
121 136
58 120
68 20
81 78
95 35
95 41
102 40
105 59
67 87
67 104
69 28
80 99
88 77
89 135
121 51
54 12
91 118
50 74
56 141
80 147
86 160
96 115
110 110
118 65
126 117
52 28
61 64
77 134
106 138
101 174
121 103
65 97
72 33
103 123
112 71
124 164
53 166
56 78
63 1
73 29
79 63
79 80
97 133
100 181
87 120
104 149
118 168
64 31
72 74
90 178
96 7
110 179
125 114
79 168
80 67
115 137
120 142
54 141
81 74
86 112
92 14
111 94
50 72
59 166
84 104
93 17
94 51
112 89
54 43
92 33
105 109
108 76
60 163
75 95
52 19
53 159
92 64
94 78
103 74
56 103
58 122
77 163
90 191
64 142
74 77
79 83
112 65
122 135
54 65
55 69
60 56
77 104
104 150
78 101
92 59
94 47
118 144
53 80
56 156
78 134
94 34
97 28
114 111
119 127
62 190
65 189
97 112
118 89
51 165
97 167
116 181
54 150
57 58
81 5
94 46
79 52
83 75
85 198
114 196
58 26
55 63
56 64
69 179
70 124
75 137
82 42
85 71
94 105
97 47
104 37
115 163
88 139
116 158
85 52
111 35
117 50
119 155
111 112
121 44
77 2
86 98
54 85
100 166
118 17
120 143
86 193
87 198
90 97
102 111
53 179
61 71
98 172
103 67
121 57
50 163
72 167
79 153
91 16
107 117
110 46
111 32
119 89
125 12
68 131
73 82
98 41
118 133
78 146
99 57
109 174
57 86
69 123
74 91
76 7
97 11
53 122
75 76
92 114
124 36
63 103
67 78
71 186
76 141
84 44
62 21
90 71
100 96
116 81
51 64
97 138
99 163
100 120
105 140
114 138
63 163
74 36
97 73
120 27
120 52
71 150
118 73
63 94
77 91
99 164
103 178
122 61
67 30
93 113
118 33
120 60
63 41
66 116
71 168
95 87
113 173
121 193
61 171
63 141
109 23
115 200
116 20
54 118
86 139
102 113
108 169
119 185
52 46
58 78
92 175
100 126
112 179
115 127
121 42
51 104
64 15
94 183
104 185
116 59
118 153
119 93
103 48
69 90
88 47
86 67
95 92
99 170
106 120
56 33
66 72
94 119
95 52
122 54
59 108
80 122
90 13
102 147
106 50
107 43
83 182
108 163
114 97
120 149
94 113
100 80
110 114
66 85
91 83
102 101
50 83
66 5
96 136
101 11
105 64
78 105
114 43
125 105
56 174
68 81
75 142
95 186
111 13
117 81
119 48
94 35
105 171
117 178
118 40
123 168
69 19
72 64
73 87
79 62
80 199
109 151
50 124
61 141
66 52
69 191
93 24
78 140
103 200
121 128
78 117
86 89
88 40
109 81
109 86
63 132
82 80
97 58
98 164
111 54
99 93
101 68
109 200
115 131
115 195
70 181
91 95
118 56
57 11
59 102
63 78
83 142
107 151
57 17
61 125
90 98
120 13
70 130
121 85
92 167
70 182
75 104
81 20
88 85
112 23
67 188
98 24
51 8
55 161
97 198
100 102
113 56
114 51
54 25
62 132
91 145
94 60
109 5
119 170
53 86
53 102
55 188
79 57
86 178
87 97
118 114
52 8
78 23
80 132
88 68
111 165
121 95
126 110
119 110
92 132
95 64
78 30
78 33
89 166
92 152
112 10
117 139
58 181
90 93
98 91
120 22
52 157
100 89
116 94
95 76
122 22
63 188
71 128
108 70
122 9
75 97
78 87
116 32
59 22
85 133
106 45
109 61
116 42
62 179
81 126
85 93
97 111
50 53
58 72
76 61
106 65
122 82
89 196
94 49
122 42
63 47
66 77
74 5
115 27
69 117
78 153
79 172
91 82
91 103
113 176
60 111
72 35
87 96
114 17
53 8
53 44
67 128
72 146
72 198
109 62
122 161
51 73
62 99
73 148
107 78
121 14
123 191
55 8
117 41
61 29
110 94
124 44
57 156
66 38
75 40
84 90
90 35
80 192
82 113
93 169
97 75
99 182
115 91
118 72
72 40
90 49
103 133
109 129
117 126
56 52
58 76
70 174
74 95
94 175
72 194
83 190
99 3
57 85
118 85
70 156
89 23
64 20
65 140
82 127
97 195
98 85
121 23
55 147
85 31
107 162
111 183
56 5
82 141
102 68
104 3
106 42
115 182
57 158
74 67
89 116
95 61
106 40
77 144
111 102
123 177
85 24
101 136
103 26
106 159
110 68
91 56
99 6
101 108
103 136
56 86
70 17
106 105
120 174
56 3
62 150
78 139
82 56
68 45
77 23
78 54
91 187
53 39
77 159
83 157
115 106
122 118
52 171
62 75
72 85
79 169
90 26
104 51
104 173
119 114
84 96
97 163
71 2
79 37
98 135
118 148
62 43
97 122
76 186
115 115
69 37
101 120
105 72
111 101
112 16
63 39
87 164
94 10
116 143
84 159
86 138
89 120
89 156
93 124
119 47
51 85
52 174
85 118
114 170
115 112
123 1
65 192
74 192
111 157
124 119
50 16
53 42
53 148
56 154
57 197
72 129
78 149
104 190
99 167
76 154
82 142
86 128
50 81
84 32
62 3
123 195
125 63
72 162
80 161
86 133
96 121
100 19
106 153
109 72
115 132
123 83
74 18
76 11
80 77
83 10
89 71
91 79
94 156
96 150
118 37
103 161
107 58
83 147
85 117
89 106
92 31
101 130
117 108
55 196
86 3
95 181
99 106
104 9
115 189
52 178
69 65
80 83
76 2
116 16
65 9
85 137
89 54
102 176
115 79
75 157
89 147
94 61
51 3
76 85
79 11
84 20
112 199
124 13
72 53
78 200
84 14
111 164
74 118
60 187
65 174
73 11
86 187
87 186
95 15
95 104
97 39
100 149
102 187
106 137
53 85
53 103
77 6
87 114
96 129
61 9
97 38
122 166
56 199
102 196
63 61
67 194
82 84
89 199
90 125
103 181
94 101
109 44
121 152
62 110
66 70
73 191
95 46
82 150
89 126
70 12
105 39
122 5
51 123
52 193
64 83
71 104
105 60
121 182
