131072 20 900
521
80
257
452
49
350
820
215
41
980
12
445
45
340
215
1
369
337
534
831
401
372
890
344
42
21
53
654
80
39
632
93
36
732
67
327
230
119
167
245
23
460
78
123
12
8
43
38
900
45
233
234
456
765
32
320
79
211
87
52
2
319
503
23
67
93
26
71
7
23
53
67
315
45
36
37
131
10
2
6
99
34
112
341
345
312
344
265
22
57
34
311
4567
876
32
310
547
21
34
76
309
42
567
2345
256
985
308
23
455
12
89
6
307
45
67
72
94
67
306
38
84
48
21
14
16
305
7
43
48
67
34
23
304
6
3
3
4
566
303
357
29
746
456
35
302
45
4
33
64
301
45
37
89
34
36
38
225
334
545
575
787
83
224
90
93
45
47
71
16
38
223
95
48
33
235
246
3245
768
222
447
34
21
54
2
87
220
38
29
60
30
218
234
45
73
88
43
215
28
93
78
66
213
33
66
21
11
4
7
212
18
62
73
36
87
98
211
34
28
84
23
33
210
124
567
321
458
209
349
20
52
50
40
208
45
8
18
27
38
37
28
207
36
12
53
27
81
32
56
87
26
1
206
5
8
34
72
86
451
205
789
456
204
23
76
350
76
203
32
101
33
201
84
26
84
32
4
8
152
706
32
1
151
34
29
19
107
3
50
17
180
128
88
802
6
48
37
127
41
53
96
8
80
125
315
49
350
820
215
41
124
12
41
45
340
215
123
252
337
534
61
401
372
122
32
42
121
53
88
80
120
74
93
36
45
119
83
230
119
167
245
23
117
78
123
111
8
43
38
900
116
233
234
456
765
32
45
115
211
87
52
2
94
114
23
67
93
133
71
7
23
53
67
112
111
36
37
80
10
109
6
99
34
106
341
345
12
105
265
22
57
34
103
4567
876
101
123
547
100
34
76
83
96
567
2345
95
985
324
94
455
12
89
93
3
45
92
72
94
91
73
38
84
90
21
14
16
89
7
43
48
88
34
23
87
6
3
3
86
566
544
357
85
746
456
35
4
45
85
33
84
21
45
37
83
34
36
82
39
334
81
575
787
83
80
90
93
79
47
71
16
78
77
77
48
33
76
246
3245
75
9345
447
74
21
54
73
87
58
38
72
60
30
53
71
45
73
70
43
26
28
69
78
66
533
68
66
21
67
4
7
66
18
62
73
36
65
98
32
34
64
84
63
33
45
61
567
60
458
55
349
20
52
50
50
9
49
8
48
27
47
37
28
46
36
12
45
44
81
32
56
87
43
1
4
42
41
34
72
40
451
39
789
456
38
23
76
350
37
34
32
36
33
6
35
26
84
34
4
8
33
706
32
32
65
34
31
19
107
3
30
17
180
370
29
802
6
48
26
20
24
122
96
8
23
257
315
49
22
21
215
41
20
223
19
45
340
16
1
13
911
807
405
401
372
76
65
45
26
53
88
80
39
74
93
36
45
67
83
230
119
167
245
23
460
78
123
12
8
43
38
900
45
233
234
456
765
32
45
79
211
87
52
2
94
503
23
67
93
26
71
7
23
53
67
95
45
36
37
80
10
2
6
99
34
112
341
33
53
66
88
336
554
32
223
3222
876
654
123
547
21
34
76
83
42
567
2345
256
985
66
8
455
12
89
237
3
4
67
72
3
67
73
38
84
48
21
14
16
3
7
43
48
99
578
421
445
32
45
3
88
15
32
777
66
2
67
22
43
888
76
43
23
99
88
47
21
45
2
38
731
237
334
575
49
48
45
90
99
94
92
71
25
35
55
88
23
65
555
344
3245
211
873
267
333
4
1
93
49
26
28
17
29
50
79
16
54
73
222
32
889
127
532
66
125
234
23
37
93
19
15
22
443
66
76
44
22
87
98
32
34
28
84
23
33
45
124
567
321
458
321
349
20
1
2
32
32
88
77
27
32
54
45
32
650
74
87
34
21
632
446
42
95
77
1
56
12
567
456
322
34
76
233
11
456
32
778
78
35
22
3
8
82
71
92
72
22
83
91
49
12
23
9
7
82
726
17
926
226
17
82
837
836
373
7635
90
36
122
83
67
37
836
363
78
