3000 
53 62
100 28
76 140
114 43
113 169
115 118
101 122
82 172
65 97
112 18
115 186
87 198
67 78
116 168
64 77
123 5
61 9
119 195
107 156
82 84
90 125
85 185
78 108
122 76
118 153
106 145
80 95
84 189
74 184
107 50
51 165
118 33
115 12
113 170
108 169
89 54
51 188
85 24
82 150
74 159
89 146
87 175
68 94
108 70
99 165
80 103
78 54
51 63
68 112
104 27
62 71
91 108
95 136
87 40
50 122
95 93
117 34
109 72
104 142
89 71
75 60
74 118
55 62
89 81
101 35
69 58
111 93
53 160
123 142
92 188
87 38
124 142
63 129
52 46
89 17
84 66
83 142
63 98
92 190
84 164
66 172
84 12
70 122
97 122
92 167
123 169
113 183
125 101
111 96
110 17
94 178
66 139
97 11
99 109
97 34
85 3
55 196
95 52
76 78
75 168
69 37
60 103
75 23
126 19
54 75
75 76
63 60
104 72
93 17
77 32
113 153
84 198
86 160
86 176
60 163
101 15
106 199
52 122
119 112
55 37
118 100
79 19
61 179
108 63
82 87
94 49
67 41
75 39
115 132
105 111
94 13
89 89
74 34
68 63
56 195
121 154
57 13
108 165
119 5
109 62
96 28
96 70
96 129
78 33
56 33
100 186
112 176
125 81
111 141
82 38
118 178
84 104
89 23
71 128
90 64
62 150
60 187
64 87
89 167
69 52
122 47
105 163
94 150
79 55
120 135
114 96
101 32
98 53
83 143
52 78
76 22
117 37
114 17
82 57
81 113
79 82
118 150
125 55
52 167
98 85
53 66
126 76
58 74
103 136
92 59
81 2
115 163
106 185
115 27
100 55
57 173
79 142
107 43
98 146
59 186
104 111
101 108
77 75
85 102
79 154
63 130
53 133
87 44
65 38
52 26
105 187
89 193
105 150
90 101
84 34
62 49
92 175
64 128
61 71
120 103
94 171
88 143
97 192
90 71
73 133
62 173
50 90
116 95
91 7
89 12
89 199
85 171
75 88
121 54
120 194
122 155
109 105
99 116
72 53
62 192
99 89
77 129
68 5
63 110
90 35
77 190
114 149
84 48
124 134
94 82
93 34
91 57
114 104
97 123
89 82
74 194
116 125
109 44
50 54
116 52
93 89
87 75
74 121
82 166
70 160
51 130
121 73
86 139
104 150
111 32
96 85
75 112
72 176
101 156
96 48
76 184
111 107
100 122
55 70
64 185
56 62
55 197
115 11
108 57
103 181
100 104
74 134
56 199
91 18
100 1
80 9
64 145
81 11
66 108
59 12
109 150
86 165
83 9
117 113
111 157
119 114
94 145
76 197
98 135
85 8
78 131
55 146
114 174
78 56
77 42
125 63
115 68
111 4
58 72
74 59
50 60
118 56
109 152
107 83
112 157
93 185
85 166
65 171
122 168
109 103
105 3
56 173
53 1
106 195
61 76
56 24
114 137
117 116
106 104
95 122
88 47
53 52
54 134
76 59
53 157
116 74
95 62
76 7
50 12
87 98
70 145
54 99
71 133
60 123
62 13
116 181
111 171
109 81
86 25
124 45
50 188
99 179
87 25
79 111
79 157
67 56
55 40
111 94
100 89
73 7
126 89
90 93
81 6
80 192
95 35
81 35
62 61
121 23
73 34
54 166
59 129
95 184
89 102
86 187
94 105
73 48
53 102
71 186
58 57
108 163
102 146
83 76
118 13
57 98
53 161
50 179
63 132
61 52
126 110
110 96
103 75
71 104
82 2
71 168
76 45
91 12
64 64
73 134
119 104
92 92
117 100
112 81
69 73
54 42
104 193
83 121
118 175
90 92
67 85
116 85
118 114
104 3
94 56
68 20
66 77
62 27
93 48
70 120
92 64
86 117
77 145
62 125
56 82
113 52
93 21
62 79
104 5
119 197
76 64
112 88
55 182
82 46
60 158
50 16
125 94
53 81
106 65
88 170
72 12
125 43
103 160
82 174
72 66
109 83
117 29
117 142
107 48
94 46
125 114
107 126
105 12
97 104
96 156
62 11
113 54
97 195
104 11
115 34
104 147
82 45
62 104
70 83
90 159
71 69
119 48
88 85
55 30
52 173
122 135
122 187
104 98
93 113
73 92
66 38
111 87
106 16
59 166
122 100
108 76
53 84
112 195
100 80
94 35
69 61
120 90
89 163
84 16
62 190
121 152
69 71
108 192
104 166
117 184
91 19
90 143
80 91
69 115
98 118
53 103
93 101
84 19
72 14
66 174
98 33
83 22
81 90
57 99
109 45
109 200
104 172
75 86
117 169
108 27
63 14
113 146
111 190
113 24
89 116
62 74
54 40
58 1
50 29
114 163
72 74
83 26
114 124
123 152
98 199
110 24
70 162
52 141
52 192
83 134
77 159
52 67
121 55
78 135
124 13
62 28
62 43
66 51
60 73
84 97
51 65
73 155
63 64
56 141
97 58
86 89
79 38
60 151
52 139
126 117
98 133
97 172
95 178
59 131
112 83
88 68
107 57
71 48
55 141
52 145
121 67
68 83
62 117
95 85
82 170
119 131
98 151
89 156
80 106
50 35
102 81
72 146
50 181
113 18
98 5
65 104
66 91
89 196
70 60
80 105
88 77
72 72
114 59
80 123
76 110
107 170
124 44
121 14
81 78
102 168
68 198
125 61
114 189
104 149
91 13
80 47
76 133
63 168
78 86
122 25
115 200
96 60
89 106
112 104
79 169
76 181
125 133
91 76
79 97
84 145
112 23
84 14
79 136
89 13
124 119
99 137
55 92
104 158
101 106
96 88
84 88
97 28
92 25
91 159
117 156
91 61
115 189
112 29
93 130
119 65
82 121
53 159
107 64
85 187
69 82
65 170
110 114
104 161
90 191
118 106
121 125
81 20
126 18
73 97
81 172
105 50
67 122
57 58
99 93
94 164
85 20
114 182
92 137
124 175
103 146
90 46
72 172
70 128
66 115
84 18
75 142
70 155
103 179
83 47
50 28
72 158
100 38
117 32
107 157
121 34
119 41
59 117
55 48
55 94
122 16
111 112
99 67
87 179
53 200
50 39
101 82
114 200
102 111
69 93
123 83
74 167
53 82
86 98
124 186
87 22
105 171
67 155
118 133
101 136
88 88
69 28
117 39
100 126
81 126
52 135
116 42
94 156
89 195
50 59
121 3
114 48
100 130
121 193
110 63
91 145
109 129
73 111
118 149
55 7
120 161
107 9
75 78
67 73
86 60
79 167
71 30
52 178
122 110
122 197
119 185
88 74
70 102
119 62
69 59
63 61
120 100
66 116
59 164
118 144
114 132
67 19
50 57
105 173
53 10
96 193
87 109
98 41
70 185
91 103
102 86
54 5
95 92
88 14
84 57
117 43
120 83
93 3
86 1
96 178
113 2
106 9
99 170
52 91
102 187
65 59
115 109
114 194
120 66
117 107
111 57
109 190
88 76
63 161
96 119
102 135
88 112
55 128
121 45
110 143
124 42
62 101
55 153
123 166
115 94
79 151
114 170
109 51
103 67
73 6
103 86
80 14
54 127
121 100
100 166
104 190
73 122
66 5
105 80
101 135
81 117
73 87
114 113
112 16
109 126
124 70
87 10
82 28
110 107
107 61
52 171
118 188
100 19
86 35
80 12
111 3
109 94
108 105
83 150
104 100
80 180
52 179
121 128
96 7
97 112
72 83
123 191
60 19
52 112
118 86
108 84
101 7
55 155
77 154
55 123
102 51
50 24
108 77
70 159
50 124
61 156
53 148
83 46
75 145
102 20
92 69
74 84
101 11
77 19
66 29
113 50
99 40
119 96
113 122
106 120
84 96
54 143
115 50
107 93
73 192
102 6
58 42
90 51
112 142
118 48
113 120
80 83
76 159
69 65
58 12
109 55
74 91
91 187
82 115
75 157
50 53
93 24
125 115
114 148
111 24
57 124
124 41
67 156
66 158
125 107
120 160
94 181
86 138
61 152
120 17
104 9
90 146
55 69
111 175
92 74
76 154
72 124
63 118
79 140
66 154
112 3
112 62
80 129
57 47
76 30
76 11
113 38
98 65
73 188
112 50
79 52
74 5
123 48
110 99
105 59
71 62
68 24
111 145
92 60
85 42
76 2
67 69
73 82
119 22
124 154
110 179
95 97
123 24
69 164
91 177
78 34
119 75
111 182
85 141
81 72
78 139
117 66
100 102
74 171
107 54
92 31
59 23
83 10
55 16
86 21
76 61
72 167
51 3
85 93
73 24
69 5
67 185
109 5
92 44
83 32
79 20
76 52
92 108
126 100
92 150
92 48
79 5
60 97
112 87
108 140
71 139
66 85
64 13
50 55
116 117
66 70
121 65
96 61
81 32
61 54
88 125
83 182
73 51
97 12
82 158
67 61
114 97
96 58
93 79
80 134
119 99
80 99
76 89
57 24
74 41
62 110
59 29
104 28
56 139
97 126
73 8
87 158
63 41
117 33
115 115
75 3
64 103
61 1
58 76
68 149
115 62
106 138
104 140
83 94
63 65
52 51
51 46
118 123
80 195
74 130
51 87
107 196
66 87
85 86
65 71
59 184
58 135
98 157
73 148
65 110
114 198
78 42
59 33
88 122
64 166
116 135
82 127
96 115
95 41
74 104
125 75
65 113
100 181
91 73
80 11
114 154
84 99
107 71
83 82
79 196
61 195
53 57
115 100
119 155
106 88
101 190
96 42
66 125
117 138
90 109
124 78
121 64
72 183
114 23
82 97
122 118
96 34
84 20
51 8
66 112
109 133
78 103
68 184
120 81
119 134
92 179
112 137
113 19
105 72
103 188
90 172
121 44
64 83
53 44
92 148
79 68
70 12
120 52
115 195
114 133
104 50
87 104
53 178
64 80
114 138
122 5
106 168
100 134
79 11
102 17
71 119
97 111
50 10
113 56
112 7
105 167
98 104
51 93
116 197
114 25
123 57
82 66
80 119
77 2
106 68
59 153
82 32
94 90
72 41
122 42
107 110
69 152
111 121
105 139
90 6
56 152
77 163
117 143
68 151
60 120
50 191
113 77
90 67
86 199
84 73
53 7
122 114
99 164
62 75
55 178
108 85
80 35
98 88
69 19
68 154
52 28
119 170
115 127
81 54
56 103
120 54
55 10
57 197
52 24
99 78
81 197
74 176
124 121
61 185
101 180
98 144
86 92
84 102
110 98
115 79
101 127
101 65
99 159
59 185
104 176
117 139
105 106
104 185
92 154
59 102
76 85
88 57
86 163
85 178
51 169
125 103
102 124
61 130
75 5
122 82
79 51
78 18
75 40
123 32
111 165
93 25
90 13
76 124
116 32
78 145
125 11
73 65
102 147
97 96
78 76
76 44
117 6
105 108
106 45
89 140
58 118
103 178
121 179
86 36
51 12
125 95
122 166
118 53
109 23
101 2
87 82
61 13
119 93
119 196
53 80
112 188
105 17
88 144
108 3
105 190
74 70
117 165
87 178
84 98
55 4
122 200
99 47
59 56
91 126
86 82
53 122
103 6
99 106
81 74
74 67
110 37
111 166
107 103
103 134
95 18
85 194
75 160
79 62
117 145
95 135
76 128
57 49
66 45
120 85
75 117
60 176
94 133
83 97
61 125
110 94
63 157
60 200
116 128
109 112
106 123
91 106
65 174
120 60
86 56
124 104
94 126
80 199
78 112
75 107
77 83
115 182
52 34
86 13
82 137
55 147
122 66
54 151
121 42
117 163
106 42
95 104
74 162
115 112
82 193
100 120
95 25
55 18
114 19
76 186
97 39
71 2
77 6
61 98
122 148
77 126
111 72
72 2
121 131
84 90
68 53
90 75
66 168
62 102
107 129
122 81
112 174
89 47
89 46
65 120
87 114
52 19
52 157
122 24
117 108
66 72
125 42
121 153
79 153
72 112
74 132
117 52
94 47
91 56
82 196
72 129
50 68
80 77
78 113
59 108
109 63
70 17
84 157
74 149
68 101
91 160
81 134
77 45
71 107
107 69
79 160
72 126
88 37
71 94
56 104
112 65
112 91
101 161
99 158
92 117
86 193
61 64
87 124
112 51
94 147
88 52
72 198
55 6
89 64
126 66
122 61
69 191
115 177
74 106
53 118
107 58
101 68
114 35
78 104
80 169
50 110
115 124
109 50
86 131
88 40
85 151
75 97
62 179
61 61
118 72
91 118
78 95
123 59
91 44
71 108
63 83
99 41
72 116
65 49
56 140
117 151
109 86
99 91
83 96
50 160
115 18
93 197
60 56
103 18
103 200
99 120
78 78
71 150
63 94
57 17
119 60
85 157
84 44
107 162
100 83
69 127
112 4
97 133
94 51
86 67
71 115
55 162
97 78
58 131
55 121
126 12
104 6
56 12
111 71
110 72
58 78
107 117
59 59
109 75
54 17
51 72
114 51
56 154
120 25
115 22
115 91
111 199
98 6
95 166
90 136
86 101
54 84
114 8
108 194
107 140
95 181
68 11
114 184
105 9
92 70
63 137
54 126
109 149
94 119
100 194
67 79
124 62
91 95
86 194
97 73
90 26
76 141
67 63
58 90
56 95
54 76
50 131
98 15
89 175
108 200
98 129
89 131
118 61
72 94
123 194
67 152
75 50
64 136
55 55
105 60
65 189
124 51
84 51
67 104
110 180
83 1
69 108
68 46
72 162
74 147
122 141
112 71
111 168
107 108
99 3
71 54
109 93
103 183
87 89
105 4
63 5
79 84
108 79
100 150
98 159
74 77
57 174
117 117
55 71
93 83
83 25
108 96
82 123
65 140
120 182
105 37
72 119
57 97
109 85
94 6
74 195
55 54
120 112
117 81
77 74
56 25
109 198
96 52
110 103
97 38
90 178
59 146
118 135
115 42
65 26
63 141
50 9
104 106
89 96
67 128
117 65
110 122
78 117
64 151
89 147
58 77
53 79
66 52
115 78
113 181
90 98
79 83
78 153
112 30
101 120
51 119
94 34
81 81
53 15
84 86
63 103
89 78
66 186
96 190
51 123
85 52
120 84
75 47
70 45
68 165
101 142
79 37
86 95
79 22
124 12
106 46
63 39
119 11
107 13
93 81
84 159
101 102
119 36
109 172
78 130
73 81
110 117
70 139
58 163
84 45
122 32
70 46
64 20
51 148
121 85
115 51
109 145
118 146
82 42
89 49
68 119
51 111
84 13
56 56
84 32
79 81
98 69
114 60
105 164
93 122
53 198
94 57
52 80
66 130
65 9
64 192
77 91
99 44
90 76
103 74
60 27
83 66
52 57
105 118
104 110
75 199
67 163
119 29
88 101
81 29
78 121
68 103
67 15
125 78
84 128
57 80
121 21
119 74
93 69
65 156
64 69
121 137
104 115
80 170
55 8
91 35
90 58
86 171
105 51
86 49
79 67
117 41
99 53
77 115
109 61
60 111
56 102
102 22
99 76
91 122
95 66
69 185
106 28
88 53
64 29
64 113
113 94
104 170
98 72
65 107
124 43
70 156
106 49
92 183
81 69
118 9
96 37
84 153
69 11
58 120
56 3
119 130
103 37
98 91
77 146
67 188
51 100
122 22
111 102
53 105
102 40
78 65
57 41
94 2
96 41
116 174
93 177
78 140
72 6
71 136
115 131
112 60
101 173
83 147
102 158
98 8
87 96
98 198
90 123
97 84
78 134
77 23
96 150
85 47
82 113
81 88
72 33
53 53
52 110
121 40
102 129
71 21
71 167
92 80
73 85
63 145
124 120
105 136
114 26
80 149
122 6
61 160
104 53
63 40
115 89
78 146
123 80
124 91
119 83
57 137
56 143
55 72
55 195
57 148
102 54
109 18
99 131
75 118
70 85
123 1
63 23
62 52
91 194
80 143
70 173
110 140
106 102
89 22
85 61
78 179
65 40
106 156
98 98
51 170
89 120
70 123
98 107
121 57
117 47
120 39
103 76
56 78
125 37
121 103
76 41
66 164
107 151
96 136
91 151
61 81
74 43
119 127
120 22
117 160
88 120
85 71
57 7
121 127
87 190
120 191
124 67
103 103
99 149
87 108
55 20
53 73
58 6
57 156
85 198
100 149
97 25
50 163
114 95
114 21
92 15
78 30
73 64
68 40
105 137
89 141
115 102
103 122
67 10
123 119
122 163
87 122
65 51
86 120
113 186
110 10
67 13
62 88
118 64
118 122
83 72
105 147
98 39
120 193
99 57
92 40
83 115
72 40
72 95
63 123
75 137
99 163
63 2
99 23
60 33
96 179
91 162
84 183
82 9
79 103
120 144
68 135
102 1
75 170
90 72
60 139
50 132
126 13
117 25
98 24
81 139
71 124
56 74
83 152
68 95
120 187
105 22
105 42
84 60
66 182
94 192
73 162
123 120
114 151
112 48
104 51
89 135
86 178
75 32
97 75
97 48
72 62
53 179
53 86
117 178
116 93
58 26
79 147
94 113
63 70
57 72
52 133
50 83
122 125
112 166
90 153
67 30
87 164
113 178
93 188
106 40
61 67
126 158
112 146
69 55
113 176
97 199
126 11
74 42
63 175
122 136
97 151
88 104
99 28
108 12
68 2
53 20
100 192
70 137
104 197
66 199
81 60
123 7
104 10
62 132
87 27
116 19
77 185
94 101
69 98
67 26
83 107
119 47
64 124
106 70
89 179
67 7
57 157
74 3
65 42
118 74
116 1
79 172
83 114
59 149
123 12
120 200
94 177
59 127
106 37
83 171
51 155
110 177
106 5
85 31
53 85
76 81
78 80
85 7
82 162
52 99
98 163
86 116
123 39
114 177
108 28
81 82
61 56
57 85
75 16
86 185
63 143
60 156
114 199
121 18
101 188
93 80
83 38
63 19
84 39
59 22
50 11
104 49
100 39
95 46
67 43
52 174
112 191
90 177
86 51
85 66
50 109
123 105
110 75
100 168
57 34
87 23
124 199
96 114
120 99
63 45
92 152
85 70
94 149
50 79
57 11
121 140
114 196
58 181
82 107
84 29
74 95
71 15
102 60
97 27
55 188
124 79
102 101
58 113
117 122
107 132
54 85
52 199
114 191
82 78
53 8
51 172
63 164
57 22
120 143
107 118
52 4
108 78
101 83
85 29
116 116
51 181
51 73
110 153
92 33
111 35
54 164
119 89
97 1
54 43
79 17
64 15
50 98
119 110
95 19
85 57
80 74
63 75
63 136
74 18
125 76
103 133
98 164
107 45
98 25
95 55
62 152
52 180
112 199
111 58
103 48
78 72
116 59
105 18
93 169
73 150
111 191
104 175
58 172
123 3
84 143
79 107
70 182
114 83
122 173
100 52
62 1
56 84
106 21
67 87
123 62
104 171
50 22
113 129
111 13
111 192
106 79
75 85
110 198
107 78
67 133
63 147
114 153
61 65
50 74
97 6
93 178
89 192
66 32
65 195
105 39
74 112
50 46
84 25
77 132
86 128
99 77
80 161
53 116
126 15
69 48
109 30
54 65
118 17
121 16
120 47
111 138
73 138
118 93
113 162
94 78
61 141
51 182
122 52
90 8
121 192
83 54
54 19
85 132
55 38
85 98
82 24
123 168
116 160
102 189
79 174
51 10
115 137
104 144
79 193
99 124
88 36
80 132
121 126
120 105
80 64
78 57
67 5
63 82
118 85
96 50
55 47
54 148
97 43
85 100
122 195
112 45
108 189
95 2
96 144
70 130
115 106
109 73
108 164
122 153
109 70
50 81
106 6
90 137
126 55
123 46
93 117
63 47
114 39
113 98
53 39
51 144
103 15
97 198
95 103
86 196
56 64
116 16
89 155
125 105
110 193
75 12
86 97
84 36
70 140
52 132
119 72
81 192
122 169
103 123
94 94
68 81
113 68
99 168
106 50
91 116
78 11
68 168
87 116
58 65
99 182
98 175
90 49
77 40
111 101
110 127
107 85
65 155
103 149
99 81
93 53
59 4
57 175
114 69
80 167
77 134
76 27
54 29
112 103
90 9
89 48
120 9
103 26
62 32
116 26
67 129
50 3
99 15
83 197
64 181
62 21
102 36
85 118
73 27
50 115
121 4
106 24
92 95
75 4
63 51
59 170
116 5
109 174
68 77
115 41
53 91
109 92
52 68
113 99
116 143
66 131
122 156
114 195
107 161
88 133
82 104
85 63
95 61
81 138
73 11
67 142
65 112
118 115
77 90
54 167
118 80
106 198
77 142
75 21
67 194
59 87
122 172
94 162
70 174
109 9
77 29
64 163
115 150
123 195
69 117
52 106
88 13
50 66
97 8
83 190
74 36
62 195
108 171
87 97
104 173
72 122
87 120
109 191
70 101
110 68
89 187
63 197
53 126
118 176
91 112
79 168
54 150
123 163
122 171
103 128
99 37
98 170
94 61
59 5
56 185
85 117
56 48
123 114
53 109
102 130
71 116
70 119
108 14
107 39
96 163
120 53
95 121
110 166
63 188
53 153
53 167
73 149
65 128
62 63
126 24
73 161
69 90
118 14
117 154
82 198
66 148
64 5
54 193
120 4
114 111
79 184
66 39
89 19
74 190
69 123
115 110
76 36
76 137
122 63
119 6
61 148
51 41
52 193
108 124
105 53
103 4
116 49
110 104
97 167
96 107
62 12
92 114
91 85
90 154
82 74
113 46
102 113
75 146
62 99
60 58
95 65
51 161
108 19
88 165
87 186
90 12
82 146
118 107
94 60
63 163
62 123
82 90
70 181
63 127
118 51
84 30
111 66
94 1
72 50
70 56
62 153
54 141
119 4
93 159
75 153
65 192
120 7
120 27
61 29
58 173
93 38
99 83
88 83
121 162
56 124
88 162
120 149
77 116
63 78
59 137
115 160
105 23
100 42
100 106
86 62
76 148
60 172
114 41
102 107
57 188
90 147
98 106
102 76
87 112
120 159
73 93
58 138
110 174
106 105
72 166
53 40
112 154
103 5
120 132
107 55
102 182
92 168
90 50
83 200
82 151
72 35
64 31
81 191
70 131
51 104
112 10
68 131
112 61
57 158
112 179
81 65
120 142
114 14
82 181
78 93
84 199
103 191
74 83
120 30
80 48
115 46
83 157
63 169
50 193
99 196
76 100
118 168
102 116
92 129
92 32
76 120
66 57
83 8
57 111
112 99
104 37
83 85
57 88
110 145
99 61
95 44
65 17
52 32
107 82
79 94
121 95
95 47
61 127
57 159
50 51
74 179
113 135
98 111
76 134
52 66
109 151
73 194
54 25
107 29
99 75
115 179
77 120
72 64
116 68
96 121
84 142
106 153
104 48
70 65
66 41
124 86
120 114
99 94
72 85
123 18
105 75
98 70
80 67
69 145
113 81
90 155
121 104
119 21
62 3
99 6
51 74
113 89
100 116
66 48
107 186
58 122
71 50
97 20
85 114
88 116
76 57
57 86
91 158
77 104
72 100
60 85
69 18
117 63
111 22
111 183
107 12
54 12
83 198
82 76
67 68
106 90
51 64
123 192
110 118
92 14
84 190
61 172
100 111
95 15
91 16
117 15
103 161
123 51
82 56
72 114
121 136
101 48
86 112
97 136
124 113
113 173
56 14
118 77
95 64
76 139
55 133
107 15
118 40
102 50
101 130
88 146
75 95
115 103
88 163
66 58
83 75
111 169
76 98
86 175
67 60
55 194
93 126
89 69
79 80
78 155
80 150
75 104
73 173
55 103
123 98
51 183
104 78
101 125
56 197
54 6
54 118
66 26
102 68
89 51
58 199
124 96
112 20
80 188
63 53
112 163
67 11
55 134
99 129
64 65
56 86
102 152
88 105
80 49
52 8
53 42
83 3
56 105
85 133
105 159
78 35
59 150
70 177
51 85
102 100
124 3
119 156
70 158
61 187
95 165
86 115
111 78
111 106
94 175
85 149
69 179
50 198
88 12
58 84
50 159
106 38
107 47
102 16
117 187
101 36
87 62
53 169
103 120
84 103
96 180
90 174
108 18
99 125
55 161
108 103
50 14
103 168
96 68
109 125
91 140
79 46
123 99
56 52
97 47
69 176
92 75
78 59
122 161
82 132
123 177
116 190
105 140
120 188
119 92
118 12
102 145
73 146
113 161
101 174
85 165
80 32
117 126
102 55
51 174
103 169
63 1
124 122
102 176
84 168
74 65
70 191
65 139
106 159
96 161
66 2
124 81
70 198
86 143
66 99
50 162
104 180
122 115
104 56
55 172
51 18
125 1
125 12
78 200
56 156
122 54
95 199
64 173
117 149
113 72
92 67
78 99
122 75
122 102
77 144
76 50
80 80
83 141
82 152
62 86
81 127
108 151
54 147
104 42
73 35
58 112
110 199
75 128
120 131
90 124
114 122
112 89
88 139
81 5
102 66
100 36
91 33
124 164
94 107
74 99
64 54
54 197
103 126
98 75
71 103
105 46
90 97
121 180
82 101
79 63
70 154
94 10
92 13
82 189
64 63
117 27
78 23
99 99
78 149
75 8
105 64
105 117
93 60
90 183
124 153
96 131
81 165
90 128
120 134
112 41
76 135
62 184
117 168
107 114
90 90
85 137
55 11
71 1
103 33
89 53
107 112
107 143
79 57
115 142
105 89
72 194
70 88
94 41
94 157
52 33
113 126
97 163
92 140
89 126
78 105
53 166
109 3
76 46
57 116
95 29
67 121
110 57
102 132
82 142
56 5
56 109
124 36
112 64
102 185
57 155
121 107
118 142
116 20
100 44
54 41
105 148
89 166
61 171
78 186
54 152
78 91
61 78
60 99
116 86
68 45
72 141
51 195
105 107
102 178
56 37
116 94
99 86
88 155
120 175
91 82
54 122
116 137
89 70
74 192
121 47
120 104
103 106
62 166
97 138
53 9
123 175
74 138
118 34
100 4
101 157
99 167
125 113
110 46
105 162
93 124
86 3
64 60
84 43
80 76
117 53
110 86
73 191
109 142
91 83
120 174
107 21
84 109
78 101
78 125
119 159
113 152
110 110
75 43
67 100
59 36
116 180
111 164
90 106
106 137
100 86
96 108
78 87
82 80
111 54
73 29
57 57
122 27
64 198
50 71
123 21
116 150
97 29
60 95
60 117
114 79
111 158
80 122
54 30
95 76
94 161
55 145
105 109
103 77
80 147
78 142
121 106
116 81
80 43
102 196
80 7
121 176
95 87
90 59
99 121
88 79
95 186
91 79
105 119
100 96
83 185
69 111
107 70
101 31
98 172
53 21
69 151
71 10
122 113
120 10
113 16
65 15
124 30
95 140
74 135
67 158
123 104
121 97
121 182
104 122
77 108
105 47
97 24
68 13
105 43
121 20
123 179
56 10
103 186
78 90
116 48
110 11
88 109
75 111
72 87
118 73
111 79
83 48
82 141
50 88
88 8
76 179
116 51
78 63
89 34
69 126
89 157
62 181
55 63
91 97
64 142
79 89
86 133
115 176
109 147
84 196
67 94
56 174
121 160
67 180
55 53
92 132
121 93
116 158
85 108
70 124
102 14
94 183