-566
-137
277
690
-899
0
224
263
-596
-189
-667
0
-936
646
-722
-37
641
484
445
-132
-583
292
908
160
-325
757
181
-987
531
-53
339
203
853
-712
-534
676
-348
69
0
98
-917
564
50
-564
653
809
-379
-613
634
-830
171
421
62
563
-6
-906
985
245
31
-150
934
-387
-509
1000
-872
419
934
756
-852
0
93
-797
166
-122
-704
-492
-184
536
411
835
752
51
0
380
-839
0
-426
-740
-652
-684
984
-695
-515
-386
761
-10
-451
396
562
-982
-788
-496
829
-178
-157
-738
-473
-47
4
-205
-612
691
-560
272
-381
835
-117
-582
671
395
732
697
-713
-23
-263
730
-508
895
-468
-738
-686
-510
-933
-254
-255
-738
764
320
-794
-105
93
274
-319
4
4
937
-427
-83
690
-758
-57
904
-89
-572
-664
491
927
-767
-166
-57
-278
161
602
-967
-806
964
875
825
582
-223
-4
-97
928
-280
927
-276
-742
-966
910
360
-1
-741
-536
-780
429
180
-146
-354
-974
-923
-577
-237
332
-800
42
-171
51
-850
4
385
209
-823
760
333
-42
-679
435
-69
-117
632
468
-45
-424
-545
-258
856
-499
-124
-190
225
636
678
-103
4
4
-259
375
876
62
-871
974
-242
-335
73
739
815
-432
601
909
-952
397
-818
-106
880
-242
-79
335
-890
121
-762
-852
-927
418
646
-508
-684
955
-12
65
642
112
-743
-998
-417
-601
740
4
-83
-466
-346
952
-476
-92
71
48
449
576
-114
391
711
-132
-74
231
326
-381
-717
-58
740
373
247
-421
-880
571
-622
-299
848
-627
416
-664
494
613
-599
-696
734
-589
102
-216
-651
-956
-391
326
-893
-688
59
-218
966
85
-67
-202
130
579
708
871
-130
836
-403
424
-391
-460
-838
385
478
606
536
766
-859
-453
999
-740
-110
-179
-331
-254
315
849
-618
73
909
357
-556
710
169
-928
-164
-780
-767
-195
-399
-718
491
-935
589
-908
-642
-971
812
185
379
-568
-429
218
-249
-23
302
261
50
-213
-280
832
400
-565
-227
4
-247
937
379
-947
-953
-305
637
63
96
-974
207
368
545
-581
401
-345
571
922
736
35
695
620
390
946
859
-1000
-539
-23
431
918
226
83
274
-496
712
406
254
684
-316
-137
-466
-368
682
-138
-559
-286
-298
12
-986
378
-30
211
92
-279
584
-259
936
-586
-536
937
699
809
-294
512
-753
816
-867
302
276
-393
389
854
-910
-203
-539
76
-625
-91
508
4
-463
-258
254
-29
-942
101
-30
862
891
-506
-901
-133
-321
-628
-228
-985
407
749
-950
280
-733
131
-628
895
328
293
-483
801
-175
-24
-440
418
480
-272
-107
-477
730
560
-510
-262
73
29
997
197
-589
304
204
166
-228
548
-443
-589
-116
178
-294
-173
-419
299
840
334
701
-192
-46
216
-639
682
468
-218
-700
-299
278
-165
-766
-861
3
4
-662
-358
-722
424
-53
416
977
-229
892
-22
630
-609
876
512
-804
673
-522
-398
-191
362
909
524
-619
524
984
-872
-885
277
-55
4
-422
-833
-440
-165
691
-928
-517
433
804
797
670
890
77
-210
734
-334
448
290
-746
-771
-740
-30
85
232
266
-48
-85
126
99
108
-617
864
-853
322
-387
-984
180
935
-968
-274
-388
-459
-387
-696
3
510
-676
616
24
188
-581
-307
-507
681
-965
243
413
-507
-284
-271
188
691
-485
-890
-411
44
-653
-239
75
3
3
-168
-271
11
545
-492
268
996
-366
806
-396
-456
333
256
224
-1
469
-892
230
516
-45
540
-223
-458
-542
676
-192
887
-344
990
273
100
-840
-227
-831
639
-370
-207
-488
454
-800
-390
357
66
980
-942
270
123
927
-534
409
606
160
-527
-329
307
-556
3
-758
-77
581
221
-371
935
805
281
-876
-739
744
282
952
-492
268
153
-422
-626
-201
-512
6
6
249
312
6
6
442
-710
-144
195
-104
-457
-50
-544
961
838
153
111
-671
-753
-77
-601
745
872
-715
-637
-319
-972
169
-561
6
-154
187
235
407
953
-565
-108
749
-601
-410
125
-819
25
899
-659
590
-615
-244
-287
-318
319
6
-736
723
-68
326
518
-174
975
427
-536
-471
793
858
-721
-245
662
-378
-114
-98
-711
131
42
-992
976
79
246
-34
749
671
-720
-281
-420
-898
6
973
6
-695
102
565
991
-738
-540
-135
178
-806
729
-806
759
710
-673
223
-79
-255
-847
842
-306
-887
-97
-247
-365
-879
-167
-793
-465
277
935
-564
280
-738
-17
445
-260
381
631
725
456
-514
525
-954
-926
104
-62
-927
-361
-512
-743
723
354
-971
-372
-300
-801
306
-464
923
-585
146
994
-140
-220
547
-535
-972
-652
871
-713
-214
-632
978
-714
-860
-755
-248
-158
719
528
-392
-918
854
35
6
-937
298
-410
-450
-989
424
343
783
797
-565
-258
853
-383
-220
-560
-891
351
-391
382
-561
-330
51
4
4
-609
643
-593
35
827
939
628
-936
-774
155
607
-191
33
-769
-413
-746
-167
286
-868
240
-741
-943
459
-157
811
-28
-327
-540
-190
-357
-935
-197
985
878
-824
122
-345
669
-17
-389
927
-877
-553
692
152
706
-912
-341
-442
221
461
-284
-271
-944
374
825
576
396
-700
-458
-96
-795
226
-455
-802
-962
-970
3
3
3
-742
486
843
598
341
-222
510
-225
-876
-820
-834
317
-549
887
-642
-734
-477
-938
-808
110
624
697
-848
513
335
963
-763
757
-846
-454
896
626
-258
586
321
480
365
-90
-797
51
3
807
937
-646
303
-965
672
-707
-723
313
-550
336
695
508
-971
434
-983
-758
-913
382
745
-568
24
20
885
-391
141
-134
835
690
731
-52
687
-651
837
-75
918
-550
-673
175
374
-602
73
264
-227
878
-360
-54
-463
-781
-709
117
-412
-7
842
793
-740
902
-421
-230
330
37
768
193
313
395
901
-274
-435
613
830
-899
-147
-464
830
450
952
204
-617
788
-86
178
-175
-86
119
-140
494
380
-883
-562
57
-522
-840
-772
-427
230
612
56
-592
293
-327
-398
165
-288
-992
251
2
975
583
-107
291
3
3
-448
236
3
-514
-135
3
659
-882
136
74
623
-837
336
-101
307
596
909
2
222
978
-654
138
93
-797
319
651
-362
-911
841
972
-475
837
-255
919
232
-730
369
773
-690
-765
-465
-436
929
846
-253
-74
597
537
703
-187
-289
472
-922
-633
-72
-284
3
-816
436
428
-855
-950
716
-379
536
980
-839
-318
121
674
447
950
591
707
204
857
418
-911
-267
-67
-102
-687
784
-988
-455
3
3
-941
3
-21
192
609
117
954
688
256
746
-273
-275
935
208
748
768
-399
-261
806
286
726
0
-407
115
378
744
404
440
331
792
537
-872
959
367
594
-796
427
410
689
913
715
-918
-906
9
97
-440
633
-705
-90
6
777
802
-477
914
866
353
-989
-597
-498
-234
-177
-708
-896
650
418
-696
962
-185
99
358
-77
333
718
-529
9
-691
-998
183
-917
715
-722
-512
596
-773
-647
-764
-421
424
380
-921
-129
940
295
-13
-61
-659
9
-741
-89
-895
307
129
293
-702
-68
84
-165
-939
-995
270
120
-357
9
9
9
30
-807
939
668
-268
247
231
-133
245
-439
-50
-972
-370
-171
-632
-15
-205
-186
-306
-134
-611
99
-278
-577
890
-710
-794
-467
-672
651
-494
486
-90
-104
178
-434
266
-720
-339
137
-152
-533
715
-996
-550
-612
341
715
502
-401
278
945
527
-418
755
951
-840
7
-685
-943
-75
-444
-382
-881
-390
-436
-582
-437
-940
-980
-219
465
-354
292
679
-156
158
958
-212
-960
-593
733
363
300
263
979
-467
45
-374
-574
146
-974
380
402
-843
-712
-308
-141
952
831
568
126
9
9
261
-637
9
9
-708
275
-936
-565
9
-23
-322
-139
-78
761
585
132
870
790
44
756
29
695
-622
64
230
-584
-601
603
531
-375
-13
138
365
-409
979
-817
-548
-191
-820
-165
352
-281
-794
-232
-947
-799
-644
-270
-882
156
-112
-433
9
9
728
133
-230
47
-922
225
-168
-473
-529
780
398
-991
-581
475
176
-875
-47
657
453
9
9
-600
80
-848
-817
184
168
9
-776
129
-707
59
962
570
953
-173
-923
781
-759
-82
-78
967
-366
307
295
-329
404
12
-882
475
746
-71
805
-388
-607
-195
696
275
-772
-954
9
9
697
565
477
610
831
-226
-485
-199
364
-37
-229
-881
-647
-278
-782
-372
880
-586
328
-676
907
28
-689
9
9
-899
9
-299
-797
746
838
209
906
808
-446
398
63
127
-378
994
-389
240
403
542
-656
132
9
33
-831
9
459
-519
9
-866
-207
-486
525
-603
-948
199
474
483
-988
843
194
-150
-832
-397
71
-483
-456
-698
-988
155
-949
-903
-748
-284
-125
-17
426
-377
417
16
-684
-73
599
903
-32
-192
252
83
541
-28
-135
-12
328
-170
-652
-445
917
-833
-419
-137
503
89
-642
-317
-141
793
594
-540
-510
-868
-713
436
-114
3
220
-879
85
645
-567
-635
-71
726
-259
-607
-166
-223
194
-933
-407
-568
-338
690
835
-411
296
-131
510
-153
-513
208
71
235
628
-243
9
-422
620
8
-387
-567
9
-392
503
-760
9
-285
780
-320
850
855
576
-861
-916
531
561
2
844
-986
-410
228
362
-971
848
108
-816
165
53
996
-642
160
153
277
-475
-404
-647
-888
-159
-506
470
-312
936
188
-806
-475
-371
-461
-222
789
-74
-1000
209
-826
9
9
-417
-579
473
-44
-292
763
-354
303
376
-868
-223
108
-275
620
-124
-10
-922
3
74
-410
87
461
-306
-39
22
-73
-216
-61
-910
604
-478
-280
613
208
-255
-863
-871
451
414
496
-933
-847
687
-524
166
428
-943
-851
-984
369
623
9
9
-630
-696
-654
-654
54
112
144
821
-645
478
726
697
-354
-432
249
-343
449
-887
170
672
-653
-687
-609
78
662
-922
659
909
985
761
69
636
792
-69
304
-774
653
-20
9
9
-136
725
542
-159
653
-296
-227
775
-871
-986
628
-37
554
-655
64
-846
643
-53
-359
459
-841
-412
495
-637
-80
-523
361
-551
781
9
9
377
154
421
-867
604
699
824
-305
-194
-270
829
-277
389
221
83
459
-305
-358
-795
378
924
347
-986
142
-199
-104
444
20
350
407
750
216
-1000
759
-611
803
747
-727
442
660
924
-623
491
601
-632
176
-774
-685
40
71
988
-587
686
65
622
-856
-690
628
894
261
-654
416
102
453
-185
821
-434
-3
-28
-966
-46
-276
339
271
-865
-303
678
49
-226
-986
-138
-312
-225
805
-748
761
730
-518
-893
-417
73
465
542
-358
-707
247
-486
689
960
965
-187
-351
-97
604
-760
936
-727
712
-460
9
-314
-404
-988
583
-360
-315
-148
-432
453
-605
-525
505
588
226
96
174
-11
83
603
-334
440
-103
607
-182
-231
11
598
218
69
-932
135
-526
-560
-350
-130
587
9
9
955
775
-804
323
-482
74
-541
637
-400
-934
21
187
980
-592
-149
-27
-690
-495
-249
-780
-610
358
-539
662
833
406
276
-994
7
-165
914
800
93
230
-845
-835
516
-855
-622
88
-668
-922
103
-273
178
859
-489
-194
-879
-122
478
945
792
970
791
879
-219
746
-316
-647
-5
126
323
727
724
-11
279
714
70
-162
109
-958
322
-111
411
-971
63
7
-684
-408
-354
900
-395
-826
850
458
643
-309
-34
-568
-886
882
987
475
-896
-838
-782
918
-518
22
92
293
698
-275
357
-405
941
-301
889
437
783
599
-319
-533
-290
7
7
200
948
-1000
413
-693
-956
-74
-605
-202
172
-518
-948
544
921
-733
-483
-637
184
610
-559
-518
-215
-332
-475
434
50
607
915
-935
-673
-126
-440
-52
69
77
396
-179
427
371
672
181
117
-754
-411
-26
7
513
831
-356
630
28
-438
-509
-531
-269
973
-761
-728
148
430
-711
522
-383
906
738
417
200
362
-260
375
188
743
150
-415
228
77
827
515
815
-66
394
832
667
544
-24
-212
-159
670
80
-675
-540
690
-798
210
443
780
565
-758
119
-503
242
55
888
824
-222
-993
898
-764
568
-501
-280
-917
-291
612
-275
-481
-18
-297
-835
-955
-335
530
391
-900
803
155
-540
-949
150
333
885
886
-261
-940
984
243
432
415
-855
-105
330
-635
650
-685
-63
717
-736
865
554
607
914
-995
663
-534
652
75
486
-965
247
-354
177
-137
110
-603
-649
780
248
-745
-347
-704
-30
976
903
-382
808
993
-350
417
-534
-960
-699
-519
-46
-534
512
-605
19
-532
-295
7
-275
-203
468
-399
18
-29
980
688
-586
964
-376
55
-316
219
-284
-881
36
-325
-291
-287
-244
-281
822
-957
383
352
856
219
-816
415
536
201
-349
386
303
770
-928
-194
497
-556
394
-76
326
-540
-982
-55
-278
326
78
-344
802
-969
104
-417
-623
210
-872
-179
-946
-99
-964
-759
264
-591
514
-110
-825
830
377
565
-177
-968
-528
414
-98
444
77
-494
397
-325
533
16
323
-590
-123
-767
-176
-526
-259
-535
427
-691
-280
727
791
-153
-941
742
-566
736
427
-292
-292
-941
-110
-429
485
-950
-164
-297
719
-576
-342
-293
819
-167
851
783
940
-403
282
-585
-212
722
846
784
-792
840
-896
166
315
-683
65
301
-792
726
-9
-810
1
-779
-542
-655
384
-740
-868
159
589
301
-663
-109
-102
696
150
90
-196
391
-718
-91
-54
85
643
121
-670
437
723
-897
909
-191
962
336
635
408
248
-464
171
-733
-105
606
-751
14
-963
43
52
235
-684
193
-322
-953
-379
634
-879
-117
-953
643
617
929
440
-658
-348
-869
321
-807
810
129
288
-239
-924
777
-530
478
539
439
138
-990
515
152
-886
420
768
-2
145
471
-790
894
-163
-628
-90
17
-777
215
727
231
356
-696
183
195
-472
-952
177
-617
236
-902
143
-3
-435
191
-669
772
909
149
-50
-833
234
308
-994
-244
462
841
-407
187
604
611
-170
723
410
-2
717
-627
582
-519
-684
-217
526
417
491
-104
-85
-898
787
-832
262
-409
-600
-520
-504
642
910
212
-32
-495
711
471
-835
-498
78
-867
-250
-392
932
631
-968
-567
-154
917
800
420
704
27
-775
-636
-810
835
-498
450
559
-830
-514
837
-790
-125
-714
-912
324
856
728
293
-129
394
-288
-541
316
499
-840
-583
-43
-919
-270
-170
397
-834
-305
-880
-950
419
-192
939
-228
-93
323
-211
314
-681
269
-679
-739
569
-455
311
438
-690
-744
-998
26
-126
-726
316
-635
-152
674
428
-675
-896
340
386
-356
-57
961
693
744
231
943
-739
775
-898
687
-236
716
-290
551
-930
-354
303
392
93
-841
519
-81
552
371
-734
-721
654
-169
-776
432
775
29
-241
969
341
610
862
846
-890
-444
-509
-209
705
-621
906
984
-557
738
-104
-288
-32
-664
-602
-257
579
-360
-447
-403
395
735
-526
-345
-108
-308
-211
-421
-936
310
693
972
-614
389
70
-217
362
350
639
-117
-250
-247
6
-258
980
-40
488
-635
3
-12
223
-13
-346
-759
-157
654
-775
-518
659
-320
-493
-609
-88
-924
-839
784
729
-899
-266
977
152
174
645
426
-422
-749
-90
-225
489
-998
812
-559
-532
-312
-776
-386
57
427
605
972
220
-48
853
-7
632
-184
-357
5
-402
-211
-870
-75
-504
689
160
-223
-834
-849
-366
716
-890
586
449
-242
821
965
318
-191
-435
-172
520
876
852
931
63
716
-113
677
525
-89
802
664
-212
-869
773
-780
-840
-829
-441
-277
120
526
670
74
-455
520
258
-693
-688
-525
-232
-710
-678
-825
146
-626
749
435
-431
718
264
787
-357
9
609
786
244
-286
828
109
-779
970
956
-863
-43
-998
-5
-542
44
-423
693
-882
672
394
-206
-882
358
820
694
-906
464
625
314
219
-696
647
684
-785
-977
212
-407
185
53
-97
575
-870
-810
-522
10
220
825
704
-827
-840
205
-737
934
-976
-587
361
213
698
-972
155
380
-977
416
579
729
165
692
163
-19
-418
-363
-868
-286
55
-23
-366
589
-203
-250
-502
-882
-741
20
-598
435
-315
270
928
-599
427
-183
-720
-468
-233
421
529
557
703
752
-228
538
-892
-191
-579
43
-835
-72
-366
505
-811
145
-801
-803
-736
470
412
988
-345
-453
151
88
-424
290
-357
45
-207
-628
-298
-734
-139
-144
-17
929
271
713
-400
833
-857
81
-327
245
302
-400
262
799
53
-151
772
-210
982
586
973
-449
-651
-315
-17
-538
-537
-576
-452
899
858
765
-139
-842
721
710
-126
-181
-883
-989
-107
-68
784
-620
569
344
-75
-330
-337
-414
813
-623
-439
358
779
339
-465
695
362
43
-161
117
-583
839
-981
473
-201
-368
907
-305
-863
852
518
334
569
571
400
760
650
967
-881
669
-32
-796
991
-477
-484
113
716
-449
989
-358
131
633
955
-868
-82
-330
-246
969
-485
357
273
-809
417
718
-483
-837
505
-813
-950
-488
-486
-638
97
908
-512
-92
462
926
166
836
-919
-239
284
255
-644
-784
752
786
497
-947
-518
921
-23
693
604
736
34
533
-258
-559
-923
-56
62
555
-611
-782
-877
-642
-849
-960
-91
564
-665
-630
68
222
434
281
380
699
-373
-852
410
-154
247
-853
-784
878
-88
-426
-101
-547
482
-513
-214
-114
803
155
-571
635
-31
-657
-785
-111
-921
-502
597
790
-664
-766
874
-195
-607
-324
-84
-205
-786
-541
616
669
-264
-75
-972
562
411
786
675
-489
-434
125
415
336
-278
-139
932
-899
-571
958
487
-556
-445
295
545
746
529
-981
-765
915
589
-681
17
501
835
357
594
-88
-941
-918
837
12
198
-77
74
-697
-320
957
-292
-384
572
4
-970
95
523
-280
-497
93
930
942
-650
-477
224
-730
-763
894
641
-182
364
184
-357
618
-696
869
403
-135
-691
129
-909
805
-46
-579
915
-320
-236
290
752
-821
407
319
720
-160
-250
450
-952
-7
-155
-744
-387
-886
388
-93
-380
332
-602
470
-229
-373
-769
-762
255
28
-998
324
-722
-71
266
483
958
940
-81
-665
-39
-396
-353
909
933
-751
0
648
-473
-643
-80
-968
253
-418
406
20
-646
-791
655
-374
188
-927
553
-451
-918
-23
-316
-198
-49
-941
11
-335
152
252
677
571
772
-178
-908
974
614
-607
402
-840
-643
5
-625
-666
-661
-203
429
181
-786
-652
-772
-406
356
-839
127
-435
526
-93
-547
898
-568
-567
367
548
-753
198
137
813
195
-743
479
20
-641
509
170
-5
815
-741
-828
-836
-666
-668
479
-423
-196
-269
-89
-195
-652
-589
-543
-570
-944
-526
-847
-492
-251
933
34
564
-577
-564
-329
-383
-157
738
-583
-446
-589
-646
-620
725
-590
-972
198
968
657
-640
-229
371
-617
267
10
-313
336
-621
570
266
-751
778
-339
-767
-742
-945
-247
793
-680
-276
-232
625
-265
-868
-356
555
-85
307
-574
362
-270
-440
-202
-172
-394
339
932
-481
-760
-835
-574
-130
-196
418
997
530
864
40
447
-368
-678
-510
41
84
502
-333
231
377
89
-52
-54
168
168
-280
261
-224
-313
-182
-248
-973
461
985
619
523
944
-37
389
5
-28
-780
722
-423
745
356
-466
-317
-900
53
557
-679
177
-971
181
975
183
544
-447
-831
318
-108
377
988
439
476
-993
820
-97
-536
-443
-919
942
368
979
-751
426
968
656
432
-934
-597
-775
322
-869
803
-511
953
733
953
454
260
643
13
-720
248
199
-996
828
-388
-733
-137
87
871
-794
-243
693
946
763
80
-651
-304
924
35
-582
823
-445
-40
-43
358
351
673
-733
-29
-943
-41
-537
-993
-823
-420
303
-421
978
-256
753
-202
-187
-780
895
137
-611
-504
-414
328
-644
549
244
930
-257
578
255
-148
26
-862
-838
184
136
-808
-599
895
865
655
354
-571
730
-564
491
615
-300
-135
782
-370
132
618
-195
-284
-809
269
728
524
-956
-695
180
-481
940
-763
-243
-455
-655
997
381
-936
-143
823
-715
-546
110
599
659
-47
-724
-637
9
357
-127
-451
241
-258
-701
-973
-17
-522
733
-50
721
-467
-543
-837
-193
-604
-152
-103
-656
-509
694
-380
677
-207
-765
707
-847
189
772
-726
393
539
606
349
750
-536
-436
-375
388
-688
-497
-453
-936
200
962
-951
-584
-547
353
-741
-883
70
835
-870
506
499
586
-564
108
887
-293
870
932
-149
283
604
-226
-580
214
583
481
-784
695
-564
99
-225
-324
734
760
745
-617
-459
820
397
913
-531
-44
-973
-499
160
-32
865
447
-739
595
-907
-536
651
-276
527
-842
-915
-510
-952
-318
979
975
911
-972
583
-418
-702
-1000
431
-943
301
-547
-496
-444
-528
-275
-280
385
-190
-374
-830
-838
276
976
-516
-708
51
-252
-626
-944
-228
81
135
-975
-338
-40
826
-578
-15
8
426
228
-744
855
248
470
-802
247
-233
-390
567
-23
469
108
230
-6
-836
440
-138
713
-771
-530
487
-209
-524
446
-728
-14
253
357
962
-249
266
338
224
118
-528
989
-419
252
291
847
612
-133
-631
-953
457
-596
501
-806
678
-175
796
955
-716
-612
-882
-979
164
221
-432
836
971
36
130
661
-147
-915
119
158
-785
-580
-643
-653
888
-138
259
524
-62
-987
631
446
-498
-969
5
5
-423
-508
40
-755
256
424
-892
-827
686
-815
-586
-393
-391
79
253
603
-813
-388
5
-697
968
7
-872
566
7
-390
322
8
149